0 0.65390625 0.12578125 0.19296875 0.2203125
0 0.63046875 0.3734375 0.19140625 0.23046875
0 0.7796875 0.62734375 0.1875 0.2125
0 0.3015625 0.26875 0.15859375 0.20546875
0 0.815625 0.26015625 0.1359375 0.1734375
0 0.284375 0.82578125 0.1453125 0.18046875
0 0.91640625 0.45859375 0.16015625 0.24609375
0 0.6546875 0.84296875 0.146875 0.19453125
0 0.175 0.67421875 0.140625 0.19140625
0 0.17265625 0.12578125 0.1328125 0.16640625
0 0.5953125 0.63671875 0.16953125 0.2125
0 0.94765625 0.19375 0.10390625 0.2203125
0 0.05078125 0.05703125 0.1015625 0.1140625
0 0.39921875 0.0765625 0.165625 0.15
0 0.9109375 0.78203125 0.16484375 0.2125
0 0.30078125 0.6125 0.15078125 0.19765625
1 0.11171875 0.38828125 0.2234375 0.4328125
0 0.4046875 0.92890625 0.1734375 0.13671875
0 0.95390625 0.9421875 0.0921875 0.115625
2 0.30859375 0.46328125 0.053125 0.08828125
0 0.2125 0.96484375 0.15703125 0.06953125
0 0.86171875 0.95 0.16953125 0.09921875
0 0.23515625 0.04453125 0.16875 0.08203125