0 0.10234375 0.23671875 0.196875 0.2375
0 0.8390625 0.24296875 0.18828125 0.22734375
0 0.85234375 0.08984375 0.1484375 0.1796875
0 0.1203125 0.05625 0.14453125 0.1125
0 0.78515625 0.875 0.1609375 0.20234375
0 0.91171875 0.6625 0.16875 0.2296875
0 0.046875 0.81640625 0.09375 0.2
0 0.13984375 0.63046875 0.17265625 0.27734375
0 0.934375 0.8421875 0.13125 0.18515625
0 0.4328125 0.81796875 0.16328125 0.21640625
0 0.7 0.14609375 0.15234375 0.27734375
0 0.5953125 0.87109375 0.15 0.20390625
0 0.61875 0.3265625 0.1484375 0.23125
0 0.07421875 0.39375 0.14375 0.19921875
0 0.64453125 0.6125 0.16953125 0.16953125
0 0.56796875 0.06953125 0.1984375 0.13828125
0 0.43515625 0.08515625 0.13671875 0.16640625
0 0.31640625 0.13125 0.19140625 0.26015625
0 0.746875 0.48125 0.23515625 0.24296875
0 0.71953125 0.9703125 0.17421875 0.059375
0 0.49140625 0.1890625 0.1640625 0.18515625
0 0.925 0.965625 0.140625 0.06875
1 0.41171875 0.4171875 0.3609375 0.41640625