0 0.63203125 0.83671875 0.19921875 0.2375
0 0.7015625 0.11796875 0.159375 0.2203125
0 0.80234375 0.72578125 0.14765625 0.23671875
0 0.5328125 0.065625 0.15546875 0.13125
0 0.4609375 0.68125 0.209375 0.23828125
0 0.303125 0.68125 0.16640625 0.23671875
2 0.1640625 0.428125 0.08125 0.146875
0 0.75859375 0.53828125 0.146875 0.1828125
2 0.3453125 0.890625 0.06875 0.0984375
0 0.14296875 0.26875 0.1609375 0.215625
0 0.9203125 0.40546875 0.15546875 0.2296875
0 0.7109375 0.36953125 0.17734375 0.23671875
2 0.12109375 0.92578125 0.11640625 0.14609375
1 0.365625 0.271875 0.3125 0.3765625
0 0.0578125 0.4453125 0.11484375 0.24375