0 0.75078125 0.3140625 0.196875 0.22421875
0 0.08203125 0.5984375 0.1640625 0.2375
0 0.9390625 0.671875 0.1125 0.1859375
0 0.39296875 0.24765625 0.175 0.25703125
0 0.54609375 0.4140625 0.175 0.21796875
2 0.8921875 0.7875 0.059375 0.0734375
0 0.140625 0.109375 0.23125 0.21875
2 0.8296875 0.92890625 0.0625 0.0953125
0 0.91328125 0.44140625 0.1140625 0.16484375
0 0.2984375 0.09375 0.15390625 0.18671875
0 0.18359375 0.9453125 0.15390625 0.109375
2 0.7296875 0.1484375 0.05078125 0.0765625
2 0.021875 0.4640625 0.04296875 0.08828125
0 0.5734375 0.63828125 0.1625 0.25234375
0 0.6421875 0.78515625 0.16796875 0.2390625
0 0.9609375 0.5171875 0.078125 0.209375
1 0.221875 0.38515625 0.17578125 0.20546875
0 0.0859375 0.82109375 0.146875 0.1796875
0 0.45703125 0.5140625 0.1734375 0.1984375
0 0.69453125 0.040625 0.2359375 0.07890625
0 0.56328125 0.9078125 0.1796875 0.184375