0 0.1046875 0.30078125 0.17421875 0.21328125
0 0.48125 0.8984375 0.13046875 0.1734375
2 0.8421875 0.12578125 0.06953125 0.10703125
0 0.2140625 0.46015625 0.1671875 0.22109375
0 0.3328125 0.053125 0.1625 0.10625
0 0.7828125 0.03984375 0.14609375 0.0796875
0 0.13515625 0.09296875 0.175 0.18203125
0 0.69296875 0.9265625 0.165625 0.140625
1 0.57421875 0.1734375 0.26484375 0.346875
0 0.76640625 0.43671875 0.16015625 0.22890625
0 0.890625 0.25859375 0.1359375 0.21640625
0 0.0921875 0.746875 0.15078125 0.18359375
0 0.2671875 0.8015625 0.1609375 0.17734375
0 0.37109375 0.46875 0.18828125 0.31640625
2 0.36953125 0.19375 0.06328125 0.1203125
0 0.34609375 0.9421875 0.1515625 0.115625
0 0.10859375 0.50859375 0.19296875 0.2625
0 0.86171875 0.46796875 0.1609375 0.22109375
0 0.43671875 0.29453125 0.1640625 0.2390625
0 0.609375 0.45390625 0.1953125 0.31015625
0 0.9390625 0.07890625 0.121875 0.1578125
0 0.9234375 0.8453125 0.14375 0.309375
0 0.03828125 0.91875 0.0765625 0.15390625
0 0.18671875 0.94296875 0.1484375 0.11328125
0 0.83046875 0.871875 0.096875 0.1515625