0 0.03359375 0.17109375 0.0671875 0.32109375
0 0.1875 0.0515625 0.20625 0.1
0 0.1015625 0.1546875 0.1 0.096875
0 0.09296875 0.29140625 0.1484375 0.17109375
0 0.0296875 0.446875 0.059375 0.17421875
0 0.0265625 0.57578125 0.053125 0.1953125
0 0.09609375 0.8390625 0.090625 0.259375
0 0.05546875 0.8953125 0.08828125 0.184375
0 0.2125 0.81015625 0.12109375 0.2015625
0 0.20625 0.615625 0.15078125 0.25703125
0 0.2078125 0.42734375 0.14375 0.22734375
0 0.19921875 0.26484375 0.10546875 0.18671875
0 0.30703125 0.2453125 0.13046875 0.24921875
0 0.365625 0.546875 0.14140625 0.25703125
0 0.36328125 0.37421875 0.11171875 0.175
0 0.44765625 0.30234375 0.14375 0.2
0 0.44375 0.8828125 0.1765625 0.228125
1 0.61796875 0.575 0.30703125 0.32109375
1 0.753125 0.57109375 0.0578125 0.00546875
1 0.69921875 0.56328125 0.11328125 0.29921875
1 0.52578125 0.59375 0.11640625 0.25859375
0 0.6921875 0.14921875 0.15390625 0.23359375
0 0.38984375 0.07109375 0.1453125 0.14140625
0 0.4828125 0.08359375 0.171875 0.1671875
0 0.90546875 0.1765625 0.1890625 0.18125
0 0.89609375 0.07578125 0.2078125 0.12109375
0 0.83125 0.18046875 0.10859375 0.17109375
0 0.77109375 0.3515625 0.1390625 0.15234375
0 0.6609375 0.3484375 0.14375 0.1953125
0 0.8625 0.3796875 0.0984375 0.19375
0 0.94921875 0.33046875 0.0984375 0.16171875
0 0.88984375 0.5671875 0.21953125 0.26640625
0 0.90390625 0.8375 0.1921875 0.27890625
0 0.7203125 0.8390625 0.15625 0.16796875
0 0.8125 0.9203125 0.1 0.159375