0 0.60390625 0.12890625 0.20390625 0.25703125
0 0.92109375 0.08671875 0.14921875 0.16875
0 0.684375 0.3390625 0.184375 0.2125
0 0.3 0.81328125 0.19765625 0.23046875
0 0.925 0.665625 0.1421875 0.23203125
0 0.78125 0.52109375 0.184375 0.23359375
0 0.51953125 0.675 0.171875 0.25390625
0 0.79765625 0.86015625 0.2046875 0.27890625
0 0.1765625 0.1625 0.16640625 0.325
0 0.76875 0.13125 0.1515625 0.2625
0 0.9359375 0.35625 0.128125 0.2375
0 0.05390625 0.37421875 0.1078125 0.27265625
0 0.39140625 0.09140625 0.19921875 0.17734375
0 0.5734375 0.9015625 0.17890625 0.18984375
0 0.34375 0.634375 0.190625 0.2390625
2 0.81875 0.35859375 0.06875 0.08203125
0 0.20703125 0.59453125 0.18671875 0.21640625
2 0.64453125 0.50078125 0.07734375 0.10078125
0 0.96640625 0.93046875 0.0671875 0.1328125
1 0.43671875 0.38984375 0.2671875 0.32578125
0 0.0546875 0.80078125 0.08671875 0.3984375
0 0.23125 0.92578125 0.221875 0.1484375