0 0.07890625 0.103125 0.1578125 0.2
0 0.0875 0.371875 0.16796875 0.234375
0 0.771875 0.19375 0.16015625 0.2015625
0 0.91484375 0.57734375 0.15546875 0.2703125
0 0.48828125 0.64296875 0.1796875 0.3125
0 0.80859375 0.540625 0.14921875 0.20703125
0 0.23125 0.70234375 0.2015625 0.30234375
2 0.3234375 0.934375 0.0703125 0.09296875
1 0.2953125 0.32734375 0.29140625 0.4609375
0 0.80859375 0.07109375 0.2171875 0.1421875
0 0.94140625 0.07109375 0.1171875 0.1421875
0 0.0421875 0.55234375 0.084375 0.20390625
0 0.62734375 0.8328125 0.1875 0.3
0 0.66015625 0.35625 0.24375 0.22265625
0 0.43828125 0.8703125 0.159375 0.253125
2 0.43515625 0.02890625 0.05703125 0.0578125
2 0.19453125 0.1453125 0.06171875 0.07578125
0 0.34921875 0.02890625 0.140625 0.0578125
0 0.7828125 0.91796875 0.13359375 0.1578125
0 0.13359375 0.9625 0.25078125 0.075
0 0.9484375 0.9640625 0.103125 0.071875
0 0.78671875 0.7796875 0.12421875 0.203125
2 0.88984375 0.82109375 0.065625 0.10234375