0 0.2875 0.15703125 0.178125 0.2578125
0 0.57734375 0.9171875 0.13671875 0.1578125
0 0.65078125 0.80859375 0.1546875 0.22109375
0 0.1671875 0.9359375 0.16875 0.128125
0 0.32109375 0.87109375 0.146875 0.18125
0 0.10703125 0.07109375 0.1984375 0.1421875
0 0.44140625 0.6703125 0.15625 0.21953125
0 0.925 0.1171875 0.1453125 0.23125
0 0.6671875 0.09375 0.17265625 0.1828125
0 0.675 0.57265625 0.240625 0.2375
0 0.07265625 0.6953125 0.1421875 0.196875
0 0.49375 0.03515625 0.15 0.0703125
0 0.26015625 0.715625 0.1734375 0.25625
0 0.14453125 0.57109375 0.178125 0.203125
0 0.35234375 0.525 0.15703125 0.25859375
0 0.121875 0.46171875 0.19140625 0.41875
0 0.8703125 0.37890625 0.171875 0.32109375
0 0.78671875 0.24296875 0.15546875 0.20078125
0 0.74765625 0.97578125 0.2015625 0.0484375
1 0.4875 0.27578125 0.23046875 0.24609375