1 0.6375 0.75859375 0.1859375 0.2640625
2 0.62265625 0.26171875 0.0578125 0.096875
2 0.80546875 0.43828125 0.04140625 0.07109375
0 0.07890625 0.33203125 0.134375 0.1796875
0 0.19296875 0.31796875 0.16640625 0.18671875
0 0.20625 0.1828125 0.15234375 0.1875
0 0.2703125 0.08828125 0.15859375 0.16328125
0 0.11484375 0.66796875 0.17265625 0.19765625
0 0.23671875 0.8484375 0.13203125 0.15703125
0 0.41171875 0.10859375 0.1578125 0.21640625
0 0.35 0.2390625 0.1671875 0.1890625
0 0.2359375 0.4796875 0.13671875 0.20078125
0 0.3421875 0.4453125 0.15234375 0.20625
0 0.44921875 0.8765625 0.16015625 0.20703125
0 0.52265625 0.446875 0.15703125 0.209375
0 0.6578125 0.41328125 0.19609375 0.20078125
0 0.91484375 0.3421875 0.1515625 0.175
0 0.6859375 0.09609375 0.15546875 0.18359375
0 0.77421875 0.0546875 0.1890625 0.109375
0 0.95625 0.884375 0.0875 0.23046875
0 0.80859375 0.871875 0.1359375 0.1671875
0 0.671875 0.93359375 0.28359375 0.1328125
0 0.440625 0.640625 0.11484375 0.20546875
0 0.3328125 0.6140625 0.17109375 0.16171875
0 0.98046875 0.09375 0.0390625 0.1875