0 0.7 0.74453125 0.19296875 0.2625
0 0.48671875 0.11953125 0.1953125 0.234375
0 0.29609375 0.14765625 0.17578125 0.25078125
0 0.09921875 0.490625 0.184375 0.19921875
0 0.50859375 0.9109375 0.16484375 0.1703125
0 0.25625 0.36875 0.165625 0.23046875
0 0.0578125 0.88125 0.115625 0.2125
0 0.31875 0.63125 0.20546875 0.26640625
0 0.6421875 0.140625 0.2 0.28125
0 0.91328125 0.12421875 0.13203125 0.16796875
0 0.0265625 0.11484375 0.053125 0.2125
0 0.03984375 0.6609375 0.07890625 0.225
0 0.58671875 0.67265625 0.14375 0.2578125
0 0.2515625 0.95703125 0.15 0.0859375
1 0.48671875 0.42734375 0.24296875 0.334375