0 0.55625 0.82421875 0.18515625 0.234375
0 0.08203125 0.91171875 0.14453125 0.16875
0 0.7046875 0.084375 0.1953125 0.16328125
0 0.06640625 0.08515625 0.1328125 0.1703125
0 0.93359375 0.84375 0.1328125 0.2015625
0 0.840625 0.1984375 0.1828125 0.23359375
0 0.90625 0.5234375 0.17109375 0.25
0 0.29609375 0.78671875 0.21484375 0.24921875
0 0.71640625 0.4078125 0.18125 0.284375
0 0.19140625 0.14609375 0.175 0.25625
0 0.16171875 0.446875 0.1671875 0.23359375
0 0.55703125 0.58828125 0.228125 0.2421875
0 0.3328125 0.50625 0.19375 0.25625
0 0.10859375 0.7125 0.14453125 0.1828125
1 0.4796875 0.19296875 0.325 0.38515625