0 0.42265625 0.771875 0.153125 0.2078125
0 0.91484375 0.75234375 0.16171875 0.20078125
0 0.5203125 0.43125 0.15 0.20546875
0 0.30859375 0.234375 0.16796875 0.23515625
0 0.61171875 0.5234375 0.13671875 0.18515625
0 0.9109375 0.33671875 0.1546875 0.1859375
0 0.209375 0.10546875 0.13359375 0.171875
0 0.53046875 0.8984375 0.18828125 0.196875
0 0.809375 0.9375 0.16328125 0.12421875
0 0.06953125 0.44140625 0.13515625 0.21875
0 0.52265625 0.128125 0.14609375 0.2375
0 0.58828125 0.31328125 0.1609375 0.19296875
1 0.225 0.60625 0.29453125 0.45234375
0 0.0390625 0.1078125 0.07734375 0.20703125
0 0.94140625 0.553125 0.1171875 0.2
0 0.06953125 0.803125 0.1390625 0.2796875
0 0.77265625 0.7609375 0.165625 0.19375
0 0.103125 0.06171875 0.1671875 0.1234375
2 0.41953125 0.2859375 0.0578125 0.075
0 0.95625 0.1859375 0.08671875 0.24140625
0 0.78046875 0.5796875 0.1578125 0.22421875
1 0.3765625 0.0671875 0.271875 0.13359375
0 0.36171875 0.953125 0.17890625 0.09375
0 0.809375 0.0796875 0.3671875 0.1359375