0 0.9140625 0.11015625 0.165625 0.2203125
0 0.7046875 0.15625 0.1609375 0.234375
0 0.25703125 0.22109375 0.17578125 0.21640625
0 0.86796875 0.37578125 0.15625 0.21640625
0 0.4125 0.09296875 0.16875 0.1859375
0 0.54765625 0.65078125 0.15625 0.18125
0 0.521875 0.87734375 0.1578125 0.234375
0 0.5484375 0.2359375 0.159375 0.19609375
0 0.68671875 0.8484375 0.15234375 0.18515625
1 0.19296875 0.6890625 0.278125 0.42734375
0 0.73359375 0.4140625 0.15703125 0.2484375
0 0.26328125 0.04921875 0.1671875 0.09765625
0 0.60859375 0.48203125 0.14453125 0.22109375
0 0.7578125 0.64453125 0.15390625 0.19921875
2 0.52890625 0.48359375 0.0703125 0.08984375
0 0.03828125 0.52890625 0.0765625 0.2171875
0 0.9140625 0.61484375 0.1625 0.24296875
0 0.8984375 0.95234375 0.18359375 0.09453125
0 0.9671875 0.3375 0.06484375 0.23203125
0 0.8953125 0.82578125 0.203125 0.23203125
0 0.10234375 0.3125 0.1921875 0.15703125
0 0.04453125 0.81171875 0.08203125 0.28125
0 0.2265625 0.95546875 0.1546875 0.0890625
0 0.0734375 0.97421875 0.1140625 0.05078125