0 0.071875 0.07421875 0.1421875 0.146875
0 0.26640625 0.078125 0.1765625 0.15390625
0 0.2078125 0.18046875 0.12265625 0.1359375
0 0.43828125 0.14453125 0.13828125 0.1890625
1 0.26484375 0.5921875 0.31484375 0.41796875
0 0.3015625 0.2296875 0.10625 0.175
0 0.603125 0.0734375 0.14765625 0.1375
0 0.60234375 0.19765625 0.1875 0.15703125
0 0.78671875 0.07890625 0.1671875 0.1578125
0 0.93984375 0.08984375 0.1078125 0.1796875
0 0.9109375 0.34609375 0.15859375 0.2171875
0 0.42578125 0.35625 0.1625 0.1265625
0 0.265625 0.32734375 0.19609375 0.1109375
0 0.0546875 0.49609375 0.109375 0.2953125
0 0.01015625 0.62265625 0.0203125 0.18359375
0 0.05078125 0.9046875 0.0921875 0.190625
0 0.1546875 0.86328125 0.1609375 0.2734375
0 0.44921875 0.5125 0.10546875 0.19609375
0 0.48125 0.715625 0.20078125 0.25234375
0 0.36015625 0.92890625 0.1765625 0.1421875
0 0.49296875 0.90625 0.2015625 0.1875
0 0.6640625 0.765625 0.1171875 0.23046875
0 0.72578125 0.58203125 0.1296875 0.25625
0 0.940625 0.56328125 0.11875 0.17734375
0 0.9140625 0.746875 0.171875 0.296875
0 0.78359375 0.73125 0.1359375 0.14921875
0 0.82734375 0.89765625 0.21796875 0.17265625