0 0.15625 0.45546875 0.14375 0.13046875
0 0.303125 0.53515625 0.1625 0.30234375
0 0.44609375 0.678125 0.10859375 0.2078125
0 0.55390625 0.71171875 0.084375 0.22734375
0 0.665625 0.67578125 0.13125 0.2390625
0 0.4640625 0.1671875 0.13515625 0.17890625
0 0.8703125 0.07890625 0.259375 0.1421875
0 0.65390625 0.03828125 0.1921875 0.0671875
0 0.68203125 0.41328125 0.12265625 0.1578125
0 0.86796875 0.60625 0.10859375 0.25859375
0 0.121875 0.91875 0.10703125 0.16171875
0 0.2765625 0.940625 0.1671875 0.11875
0 0.42109375 0.915625 0.17578125 0.16875
0 0.51953125 0.859375 0.1078125 0.13671875
0 0.7140625 0.89453125 0.09375 0.16640625
0 0.8484375 0.78828125 0.1796875 0.1640625
0 0.96875 0.72265625 0.0625 0.25859375
0 0.8640625 0.94296875 0.196875 0.1140625
1 0.0609375 0.59765625 0.121875 0.24609375
2 0.58671875 0.2890625 0.03984375 0.06875
2 0.64453125 0.2328125 0.0421875 0.07265625
2 0.06328125 0.26328125 0.05 0.08125