0 0.71328125 0.82421875 0.14453125 0.18671875
0 0.8375 0.56796875 0.16640625 0.25703125
0 0.725 0.32109375 0.17578125 0.1875
0 0.49296875 0.36640625 0.14765625 0.19140625
0 0.39453125 0.52734375 0.121875 0.23359375
0 0.225 0.29921875 0.1296875 0.1796875
0 0.240625 0.54609375 0.12109375 0.23203125
0 0.1375 0.75859375 0.13671875 0.1609375
0 0.6625 0.65546875 0.1484375 0.175
0 0.95859375 0.6703125 0.0828125 0.24921875
0 0.85703125 0.08515625 0.13046875 0.1703125
0 0.94375 0.42265625 0.1125 0.203125
0 0.209375 0.71015625 0.11328125 0.20078125
0 0.0421875 0.71484375 0.084375 0.17109375
0 0.090625 0.62734375 0.125 0.16953125
1 0.61640625 0.11875 0.20625 0.2375
0 0.02890625 0.5484375 0.05703125 0.1390625
0 0.65546875 0.9640625 0.11484375 0.071875