0 0.72421875 0.3953125 0.18515625 0.240625
0 0.1609375 0.52890625 0.15 0.19921875
0 0.2375 0.63359375 0.15546875 0.2375
0 0.46328125 0.178125 0.19453125 0.18984375
0 0.95859375 0.590625 0.0828125 0.19375
0 0.665625 0.16484375 0.1734375 0.21171875
0 0.203125 0.08671875 0.16328125 0.1734375
0 0.8515625 0.18359375 0.17421875 0.20390625
0 0.07265625 0.3921875 0.1375 0.1953125
0 0.87265625 0.7890625 0.15703125 0.23515625
0 0.26484375 0.24453125 0.20078125 0.24921875
0 0.959375 0.24609375 0.08125 0.19140625
0 0.134375 0.9421875 0.16484375 0.11484375
0 0.73203125 0.07421875 0.1640625 0.14765625
0 0.35390625 0.09609375 0.1953125 0.19140625
1 0.46875 0.6609375 0.30625 0.4125
0 0.390625 0.86875 0.18671875 0.15703125
0 0.67421875 0.74921875 0.14140625 0.23515625
0 0.08828125 0.70703125 0.15078125 0.14609375
0 0.06484375 0.57890625 0.11015625 0.18203125
0 0.03671875 0.2953125 0.0734375 0.165625
0 0.6328125 0.93046875 0.16484375 0.1390625