0 0.4890625 0.9109375 0.15234375 0.16953125
0 0.715625 0.22109375 0.178125 0.2125
2 0.73359375 0.35234375 0.0640625 0.084375
0 0.775 0.8328125 0.14453125 0.18359375
0 0.559375 0.69765625 0.1359375 0.190625
0 0.18984375 0.29375 0.17890625 0.20859375
0 0.53046875 0.24765625 0.16484375 0.22890625
0 0.9140625 0.9203125 0.1640625 0.153125
0 0.44609375 0.521875 0.14765625 0.24296875
0 0.83515625 0.6421875 0.15078125 0.23984375
0 0.79921875 0.05390625 0.165625 0.1078125
0 0.40625 0.2078125 0.1234375 0.184375
0 0.08671875 0.89921875 0.1515625 0.19765625
0 0.14453125 0.48046875 0.16875 0.30703125
0 0.69609375 0.94921875 0.1578125 0.1015625
0 0.4015625 0.071875 0.128125 0.14375
0 0.9609375 0.0484375 0.07734375 0.09609375
1 0.26171875 0.76640625 0.2703125 0.428125
0 0.2859375 0.0859375 0.1625 0.16796875
0 0.66796875 0.59140625 0.1703125 0.2515625
0 0.103125 0.1890625 0.13515625 0.21015625
2 0.9515625 0.57578125 0.08046875 0.08125
0 0.0515625 0.6609375 0.103125 0.2421875
0 0.03125 0.31640625 0.0625 0.2234375
0 0.11796875 0.07421875 0.1984375 0.125