0 0.21015625 0.49453125 0.1671875 0.26875
0 0.89765625 0.09453125 0.18203125 0.1890625
0 0.08125 0.09609375 0.14375 0.18828125
0 0.69453125 0.58046875 0.18515625 0.2515625
0 0.85703125 0.9265625 0.16953125 0.14296875
0 0.13828125 0.30078125 0.16640625 0.19765625
0 0.41640625 0.365625 0.16015625 0.20703125
0 0.7859375 0.7578125 0.1921875 0.225
0 0.93125 0.553125 0.13125 0.20390625
0 0.5515625 0.16171875 0.1609375 0.2859375
0 0.44375 0.8921875 0.16328125 0.1875
0 0.65078125 0.88828125 0.21484375 0.22265625
0 0.14765625 0.74765625 0.18125 0.3125
0 0.26875 0.10625 0.1609375 0.20625
0 0.27734375 0.853125 0.17890625 0.28046875
0 0.96328125 0.36328125 0.0734375 0.20234375
1 0.72265625 0.29453125 0.2734375 0.33828125
0 0.2078125 0.17109375 0.1390625 0.16875
2 0.4234375 0.146875 0.0609375 0.0921875
2 0.61796875 0.76171875 0.05859375 0.06796875
0 0.46171875 0.74921875 0.15390625 0.18125