0 0.11953125 0.91875 0.2078125 0.15703125
0 0.840625 0.0953125 0.15625 0.18984375
0 0.82421875 0.46171875 0.1625 0.2046875
0 0.66953125 0.3828125 0.1640625 0.23515625
0 0.10625 0.540625 0.13515625 0.1921875
0 0.1296875 0.73359375 0.1890625 0.21328125
0 0.28203125 0.68984375 0.175 0.2578125
0 0.8609375 0.7546875 0.1921875 0.30234375
0 0.684375 0.74140625 0.17109375 0.2046875
0 0.89140625 0.253125 0.16640625 0.21484375
0 0.9578125 0.46484375 0.084375 0.22734375
0 0.4578125 0.175 0.2015625 0.22890625
0 0.39453125 0.8921875 0.1625 0.18984375
0 0.74609375 0.94296875 0.20546875 0.1140625
0 0.49453125 0.81640625 0.16875 0.23984375
0 0.64453125 0.12890625 0.23125 0.25703125
0 0.35703125 0.08984375 0.17265625 0.17578125
0 0.06875 0.2296875 0.13671875 0.20234375
1 0.41328125 0.4484375 0.27265625 0.359375
0 0.2125 0.49375 0.12421875 0.215625