0 0.52578125 0.39296875 0.11953125 0.16015625
0 0.61015625 0.30234375 0.16328125 0.19921875
0 0.52734375 0.1484375 0.1515625 0.1828125
0 0.78828125 0.225 0.17734375 0.16953125
0 0.82265625 0.39140625 0.13671875 0.26328125
0 0.7671875 0.4609375 0.15234375 0.16171875
0 0.9609375 0.071875 0.078125 0.1390625
0 0.79375 0.034375 0.14375 0.06796875
0 0.62265625 0.04921875 0.1609375 0.09765625
0 0.38671875 0.03203125 0.1390625 0.0640625
0 0.0703125 0.10625 0.140625 0.14453125
0 0.0984375 0.234375 0.11953125 0.11953125
0 0.02421875 0.27890625 0.0484375 0.221875
0 0.13828125 0.4265625 0.109375 0.153125
0 0.09609375 0.5265625 0.12890625 0.14375
0 0.02578125 0.5265625 0.0515625 0.18125
0 0.0625 0.7734375 0.12109375 0.1796875
0 0.5078125 0.91328125 0.17890625 0.14921875
0 0.24921875 0.84765625 0.12578125 0.215625
0 0.67890625 0.6203125 0.10390625 0.1828125
0 0.6015625 0.73828125 0.15625 0.2875
0 0.6578125 0.775 0.08359375 0.140625
0 0.7140625 0.89765625 0.165625 0.2046875
0 0.9484375 0.88828125 0.103125 0.1875
0 0.9765625 0.646875 0.046875 0.19296875
1 0.3234375 0.56796875 0.2515625 0.3609375
2 0.26875 0.040625 0.04609375 0.0640625
2 0.64296875 0.45078125 0.03984375 0.06171875
2 0.19140625 0.71171875 0.05078125 0.05625
2 0.16484375 0.96171875 0.03671875 0.05703125