0 0.63125 0.66796875 0.18671875 0.25
0 0.8609375 0.6625 0.18828125 0.21953125
0 0.74140625 0.79375 0.2125 0.18984375
0 0.88203125 0.871875 0.18125 0.2453125
0 0.20078125 0.85625 0.23359375 0.2765625
0 0.13515625 0.553125 0.1796875 0.22265625
0 0.6515625 0.2140625 0.1671875 0.21328125
0 0.65078125 0.05859375 0.22734375 0.11640625
0 0.8078125 0.278125 0.215625 0.2453125
0 0.93359375 0.25546875 0.1328125 0.2296875
0 0.07578125 0.31328125 0.1515625 0.3640625
0 0.23671875 0.384375 0.17421875 0.24375
0 0.42421875 0.17578125 0.30859375 0.203125
0 0.42890625 0.0515625 0.3 0.09140625
0 0.1125 0.08984375 0.2171875 0.15703125
0 0.49921875 0.9640625 0.13125 0.071875
2 0.596875 0.94765625 0.07734375 0.10234375
1 0.47734375 0.3390625 0.1921875 0.32109375
0 0.81640625 0.9625 0.1421875 0.075