0 0.5828125 0.36171875 0.18515625 0.23125
0 0.51171875 0.1203125 0.17890625 0.21875
0 0.63203125 0.090625 0.16328125 0.1765625
0 0.83125 0.30625 0.1640625 0.2015625
0 0.1328125 0.8546875 0.13984375 0.2734375
0 0.67734375 0.21328125 0.15859375 0.184375
0 0.115625 0.07734375 0.19375 0.15390625
0 0.9390625 0.46875 0.11328125 0.196875
0 0.84921875 0.79375 0.1640625 0.17734375
0 0.56640625 0.909375 0.20234375 0.17421875
0 0.903125 0.1296875 0.184375 0.2546875
0 0.94453125 0.78828125 0.1109375 0.21484375
0 0.26640625 0.91015625 0.17421875 0.17109375
0 0.23046875 0.1875 0.15546875 0.19375
0 0.32578125 0.3890625 0.14921875 0.1921875
0 0.0328125 0.709375 0.06484375 0.23359375
0 0.07890625 0.36953125 0.15703125 0.30546875
0 0.71640625 0.928125 0.17578125 0.14375
0 0.24296875 0.63125 0.22578125 0.25625
1 0.53828125 0.65234375 0.2796875 0.375
2 0.43046875 0.84921875 0.0609375 0.10546875