0 0.325 0.20703125 0.17734375 0.1921875
0 0.6890625 0.17109375 0.20625 0.2
0 0.4859375 0.1953125 0.16796875 0.215625
0 0.37890625 0.4484375 0.17890625 0.2375
0 0.0515625 0.7 0.09375 0.3765625
0 0.103125 0.38125 0.19609375 0.20390625
0 0.4515625 0.646875 0.1484375 0.30703125
0 0.20234375 0.8921875 0.153125 0.209375
1 0.1984375 0.61953125 0.19296875 0.31796875
0 0.37890625 0.92734375 0.16640625 0.1453125
0 0.1328125 0.128125 0.19609375 0.1890625
0 0.58046875 0.94375 0.1859375 0.1125
0 0.94296875 0.840625 0.1140625 0.16328125
2 0.7328125 0.97734375 0.03984375 0.0453125
0 0.65703125 0.04453125 0.1796875 0.0890625