0 0.04609375 0.1390625 0.0921875 0.234375
0 0.26484375 0.19375 0.1625 0.24609375
0 0.10703125 0.31953125 0.11328125 0.23984375
1 0.684375 0.09609375 0.32578125 0.1765625
0 0.09375 0.58203125 0.14375 0.23203125
0 0.24765625 0.675 0.134375 0.1671875
0 0.06640625 0.84453125 0.1109375 0.26328125
0 0.2625 0.83984375 0.1734375 0.23984375
0 0.25234375 0.36796875 0.16953125 0.15703125
0 0.4703125 0.15 0.17421875 0.27734375
0 0.49296875 0.459375 0.20234375 0.25625
0 0.40546875 0.58828125 0.18359375 0.2296875
0 0.571875 0.75078125 0.12109375 0.17265625
0 0.52578125 0.90234375 0.12265625 0.1703125
0 0.67734375 0.69609375 0.1078125 0.23046875
0 0.67578125 0.9171875 0.1671875 0.15859375
0 0.82421875 0.82734375 0.1578125 0.32578125
0 0.871875 0.60703125 0.1484375 0.17734375
0 0.95703125 0.8421875 0.0859375 0.20625
0 0.9296875 0.3734375 0.10703125 0.2796875
0 0.71875 0.39765625 0.12890625 0.2921875
0 0.95625 0.0984375 0.0875 0.1453125
0 0.984375 0.28046875 0.03125 0.1640625
0 0.7671875 0.81015625 0.17421875 0.19375