0 0.74453125 0.5875 0.196875 0.2015625
0 0.93359375 0.56171875 0.1328125 0.2296875
0 0.53671875 0.89765625 0.15234375 0.203125
0 0.1640625 0.93515625 0.1359375 0.12421875
0 0.725 0.2125 0.16796875 0.25078125
0 0.28515625 0.48203125 0.19765625 0.2515625
0 0.4984375 0.63203125 0.15234375 0.209375
0 0.4140625 0.76953125 0.1734375 0.190625
0 0.49921875 0.44453125 0.15546875 0.21796875
0 0.09453125 0.3625 0.16640625 0.2046875
0 0.8234375 0.37421875 0.20625 0.22734375
0 0.50078125 0.1125 0.2046875 0.225
0 0.4078125 0.28359375 0.17578125 0.20625
0 0.95703125 0.11484375 0.08515625 0.22421875
0 0.20390625 0.7609375 0.19453125 0.31875
0 0.64765625 0.42734375 0.171875 0.27421875
1 0.7671875 0.84453125 0.30390625 0.3109375