0 0.58046875 0.31640625 0.1953125 0.240625
0 0.7078125 0.4609375 0.13046875 0.1828125
0 0.94140625 0.61171875 0.1171875 0.20234375
0 0.15 0.89453125 0.15234375 0.18203125
0 0.0953125 0.7484375 0.1578125 0.20234375
0 0.75390625 0.91953125 0.19296875 0.15390625
0 0.07734375 0.2203125 0.1515625 0.1890625
0 0.71875 0.12109375 0.1921875 0.2265625
0 0.03671875 0.06171875 0.0734375 0.1234375
0 0.29609375 0.47109375 0.15390625 0.23125
0 0.40234375 0.29609375 0.19609375 0.3359375
0 0.903125 0.7734375 0.18515625 0.2921875
0 0.88203125 0.2 0.15390625 0.19453125
0 0.82578125 0.44453125 0.1859375 0.23671875
0 0.90390625 0.04609375 0.1921875 0.09140625
0 0.23984375 0.05078125 0.1734375 0.1015625
1 0.43046875 0.72734375 0.31640625 0.3921875
0 0.20546875 0.43046875 0.16328125 0.18203125
0 0.778125 0.71953125 0.1875 0.28046875
0 0.03984375 0.61015625 0.07265625 0.2828125