0 0.93515625 0.08046875 0.1296875 0.1609375
0 0.54296875 0.34609375 0.1671875 0.278125
0 0.28125 0.053125 0.146875 0.10625
0 0.6328125 0.1015625 0.18984375 0.20234375
0 0.390625 0.14765625 0.13671875 0.1921875
0 0.47734375 0.11328125 0.13046875 0.22578125
0 0.5890625 0.70546875 0.19921875 0.29921875
0 0.0328125 0.10078125 0.065625 0.2015625
0 0.184375 0.30546875 0.159375 0.371875
0 0.04609375 0.81640625 0.09140625 0.2375
0 0.95625 0.45 0.0875 0.21640625
0 0.8984375 0.74609375 0.1734375 0.34453125
0 0.33515625 0.70234375 0.3125 0.29453125
1 0.7796875 0.2890625 0.209375 0.27421875
0 0.25234375 0.5015625 0.2109375 0.271875
0 0.3625 0.45859375 0.1671875 0.2
0 0.12421875 0.9484375 0.1703125 0.10234375
0 0.30234375 0.94765625 0.1984375 0.1046875