0 0.09921875 0.3265625 0.140625 0.1828125
0 0.9109375 0.75703125 0.1625 0.21484375
0 0.68125 0.87109375 0.17421875 0.1875
0 0.84375 0.57421875 0.178125 0.21953125
0 0.8984375 0.10703125 0.16875 0.2140625
0 0.428125 0.34375 0.13984375 0.18671875
0 0.63515625 0.52109375 0.228125 0.27578125
0 0.19453125 0.8640625 0.17421875 0.228125
0 0.08984375 0.78984375 0.13671875 0.18203125
0 0.8390625 0.94921875 0.165625 0.1015625
1 0.58984375 0.18359375 0.2609375 0.3671875
0 0.9578125 0.4828125 0.08359375 0.2296875
0 0.03203125 0.21953125 0.0640625 0.23515625
0 0.36328125 0.2375 0.11875 0.22109375
0 0.05 0.4546875 0.1 0.2375
0 0.3984375 0.53515625 0.15546875 0.20703125
0 0.44609375 0.84765625 0.2203125 0.23359375
0 0.2609375 0.11328125 0.2125 0.2265625
0 0.5828125 0.97109375 0.16640625 0.0578125
0 0.32265625 0.678125 0.1984375 0.21875
0 0.15859375 0.08984375 0.1484375 0.1765625
0 0.97734375 0.9 0.0453125 0.19296875