0 0.090625 0.09140625 0.175 0.17890625
0 0.1140625 0.60078125 0.20546875 0.21484375
2 0.34296875 0.56875 0.06796875 0.096875
0 0.1046875 0.33125 0.209375 0.25625
0 0.3609375 0.140625 0.1984375 0.246875
0 0.54609375 0.50546875 0.19765625 0.23203125
0 0.3203125 0.87890625 0.16484375 0.2359375
0 0.4640625 0.64765625 0.15546875 0.190625
1 0.66171875 0.2671875 0.24296875 0.3703125
0 0.03828125 0.9171875 0.0765625 0.159375
0 0.6109375 0.89453125 0.33046875 0.2109375
0 0.8921875 0.825 0.20546875 0.34921875
0 0.89765625 0.17421875 0.2046875 0.32578125