0 0.61484375 0.6984375 0.15390625 0.2484375
0 0.28125 0.67734375 0.2328125 0.29375
0 0.93125 0.08515625 0.1375 0.16640625
0 0.77109375 0.878125 0.2171875 0.2046875
0 0.78515625 0.47265625 0.25078125 0.21484375
0 0.5734375 0.9515625 0.159375 0.096875
0 0.7671875 0.053125 0.165625 0.10625
2 0.4625 0.45 0.0671875 0.10390625
0 0.29921875 0.05703125 0.2078125 0.1140625
1 0.2015625 0.2578125 0.2296875 0.29375
0 0.66015625 0.21484375 0.2359375 0.25390625
0 0.0796875 0.69140625 0.125 0.1984375
0 0.1953125 0.92265625 0.23125 0.1546875
0 0.95390625 0.3265625 0.0921875 0.24765625