0 0.1171875 0.09609375 0.19375 0.1859375
0 0.8875 0.23515625 0.178125 0.209375
0 0.33671875 0.609375 0.19140625 0.23828125
0 0.78125 0.1640625 0.1515625 0.18203125
0 0.8453125 0.375 0.17109375 0.2078125
0 0.95078125 0.640625 0.0984375 0.215625
0 0.7890625 0.75234375 0.1625 0.19765625
0 0.6546875 0.16484375 0.159375 0.19609375
0 0.528125 0.8109375 0.196875 0.22734375
0 0.9390625 0.89296875 0.121875 0.20234375
0 0.9140625 0.09765625 0.1625 0.18828125
0 0.40078125 0.034375 0.1515625 0.06875
0 0.121875 0.525 0.20234375 0.2171875
0 0.734375 0.57734375 0.1671875 0.23125
0 0.35234375 0.88046875 0.14140625 0.23515625
0 0.56171875 0.6 0.23125 0.22421875
1 0.50703125 0.31875 0.25546875 0.41484375
0 0.0640625 0.32578125 0.128125 0.19921875
0 0.2703125 0.40546875 0.1671875 0.18203125
0 0.23046875 0.89375 0.16953125 0.20703125
0 0.61484375 0.93984375 0.14453125 0.1203125