0 0.31875 0.5046875 0.15625 0.1796875
0 0.9265625 0.38515625 0.146875 0.2
0 0.70625 0.5703125 0.146875 0.165625
0 0.071875 0.79375 0.14375 0.21953125
0 0.11015625 0.10703125 0.2125 0.21328125
0 0.928125 0.61640625 0.14375 0.20390625
0 0.57421875 0.13046875 0.175 0.25859375
0 0.31953125 0.31640625 0.17421875 0.30703125
0 0.8515625 0.20625 0.19765625 0.26328125
0 0.9140625 0.0875 0.159375 0.175
0 0.4546875 0.496875 0.2109375 0.21796875
0 0.29921875 0.8484375 0.1984375 0.29296875
0 0.940625 0.23203125 0.11796875 0.2296875
0 0.84140625 0.59609375 0.171875 0.18984375
0 0.94609375 0.76640625 0.10703125 0.203125
0 0.20078125 0.57109375 0.10703125 0.23984375
0 0.08671875 0.31640625 0.1046875 0.1765625
0 0.128125 0.47734375 0.0953125 0.171875
0 0.925 0.9296875 0.146875 0.140625
0 0.753125 0.9484375 0.134375 0.103125
0 0.690625 0.31484375 0.16484375 0.28984375