0 0.26484375 0.15390625 0.16484375 0.25078125
0 0.421875 0.26171875 0.17890625 0.225
0 0.23125 0.896875 0.20390625 0.1984375
0 0.2921875 0.68671875 0.18046875 0.21953125
0 0.91328125 0.090625 0.165625 0.1734375
0 0.29296875 0.4375 0.1984375 0.27265625
0 0.8859375 0.73515625 0.165625 0.22890625
0 0.55078125 0.82578125 0.1671875 0.21796875
0 0.91484375 0.9265625 0.1609375 0.140625
0 0.759375 0.50703125 0.178125 0.21171875
0 0.603125 0.2 0.203125 0.35703125
0 0.43828125 0.5546875 0.17265625 0.3515625
0 0.91796875 0.35234375 0.1546875 0.21484375
0 0.0546875 0.45703125 0.109375 0.2890625
0 0.68828125 0.81875 0.18203125 0.18984375
1 0.059375 0.75546875 0.11875 0.36328125
2 0.34921875 0.0234375 0.07578125 0.04609375