0 0.384375 0.08828125 0.18203125 0.17109375
0 0.81015625 0.0625 0.1421875 0.125
0 0.20390625 0.24765625 0.20078125 0.20546875
0 0.71328125 0.15625 0.2171875 0.21875
0 0.2359375 0.0640625 0.146875 0.128125
0 0.4015625 0.334375 0.15546875 0.23984375
0 0.61875 0.30234375 0.21015625 0.278125
0 0.1484375 0.678125 0.17890625 0.3140625
0 0.06015625 0.23984375 0.1203125 0.2
0 0.884375 0.621875 0.17421875 0.2828125
0 0.121875 0.840625 0.14296875 0.178125
0 0.29453125 0.80546875 0.1625 0.18671875
0 0.82578125 0.31875 0.1546875 0.27578125
0 0.96484375 0.65625 0.0703125 0.22890625
0 0.70625 0.7890625 0.1515625 0.17578125
0 0.2890625 0.41796875 0.13828125 0.196875
2 0.93125 0.51953125 0.0609375 0.08203125
1 0.53203125 0.64140625 0.30234375 0.38359375
0 0.41875 0.9015625 0.19609375 0.19375
0 0.0234375 0.6171875 0.04609375 0.27890625
2 0.9734375 0.47421875 0.053125 0.0859375
0 0.5734375 0.92421875 0.11328125 0.1453125
0 0.9546875 0.24140625 0.08984375 0.209375