0 0.27578125 0.09921875 0.1546875 0.1984375
0 0.22265625 0.33984375 0.1796875 0.24609375
0 0.5796875 0.0828125 0.19453125 0.16171875
0 0.865625 0.4390625 0.17421875 0.215625
0 0.6765625 0.29921875 0.22109375 0.20234375
0 0.39140625 0.34375 0.146875 0.18125
0 0.1046875 0.53125 0.19375 0.22265625
0 0.53203125 0.7640625 0.17265625 0.2203125
0 0.66953125 0.49375 0.178125 0.1890625
0 0.8359375 0.10390625 0.1421875 0.190625
0 0.12578125 0.1203125 0.13515625 0.1984375
0 0.42734375 0.1 0.14453125 0.1875
0 0.78046875 0.8359375 0.1578125 0.18203125
0 0.85625 0.72265625 0.16015625 0.18515625
0 0.5765625 0.9359375 0.14140625 0.121875
0 0.1578125 0.840625 0.1359375 0.18828125
0 0.96796875 0.89921875 0.06328125 0.1828125
0 0.9671875 0.51171875 0.065625 0.2046875
0 0.7546875 0.06171875 0.134375 0.12265625
0 0.7328125 0.940625 0.1375 0.11875
0 0.04375 0.82734375 0.08671875 0.24921875
0 0.0265625 0.08046875 0.053125 0.16015625
1 0.33203125 0.6890625 0.24765625 0.359375
0 0.3 0.96015625 0.2875 0.0796875
0 0.96484375 0.1359375 0.0703125 0.221875