1 0.86875 0.75234375 0.2359375 0.346875
2 0.41171875 0.05703125 0.040625 0.059375
2 0.190625 0.44140625 0.03203125 0.04375
2 0.73984375 0.6390625 0.03359375 0.0625
0 0.6203125 0.3484375 0.146875 0.24765625
0 0.77265625 0.221875 0.1390625 0.1875
0 0.94140625 0.41484375 0.1171875 0.24453125
0 0.940625 0.23671875 0.11875 0.16015625
0 0.9140625 0.05234375 0.14609375 0.1046875
0 0.69921875 0.2703125 0.14609375 0.17421875
0 0.51796875 0.6453125 0.13671875 0.1796875
0 0.3953125 0.4015625 0.16796875 0.21875
0 0.38671875 0.22734375 0.16171875 0.203125
0 0.57578125 0.08671875 0.1578125 0.15078125
0 0.5296875 0.7859375 0.13828125 0.14296875
0 0.53828125 0.8921875 0.128125 0.15546875
0 0.72421875 0.90625 0.1546875 0.18125
0 0.23046875 0.090625 0.1609375 0.18046875
0 0.23984375 0.50390625 0.1734375 0.2640625
0 0.3625 0.74765625 0.16640625 0.21484375
0 0.184375 0.746875 0.14765625 0.18046875
0 0.0765625 0.728125 0.13984375 0.19453125
0 0.08671875 0.26328125 0.13984375 0.1734375
0 0.13671875 0.11640625 0.184375 0.20625
0 0.10859375 0.23984375 0.15859375 0.14140625
0 0.0546875 0.03984375 0.09453125 0.07890625
0 0.021875 0.1265625 0.04375 0.1140625
0 0.70625 0.03671875 0.1515625 0.0734375
0 0.52890625 0.0484375 0.13828125 0.096875
0 0.06328125 0.96328125 0.125 0.0734375