1 0.22265625 0.5125 0.165625 0.23671875
0 0.2171875 0.1828125 0.15546875 0.2390625
0 0.13203125 0.2765625 0.1296875 0.16640625
0 0.46171875 0.3 0.125 0.18828125
0 0.746875 0.3734375 0.17578125 0.1609375
0 0.6359375 0.3875 0.0984375 0.14375
0 0.88671875 0.31171875 0.16484375 0.13828125
0 0.90546875 0.2078125 0.14921875 0.14921875
0 0.45703125 0.51328125 0.1140625 0.17265625
0 0.4953125 0.8765625 0.1421875 0.184375
0 0.38984375 0.20078125 0.1109375 0.21328125
0 0.40859375 0.0546875 0.1359375 0.096875
0 0.74140625 0.11484375 0.1109375 0.1859375
0 0.96015625 0.621875 0.0796875 0.16875
0 0.7078125 0.85859375 0.16484375 0.20625
0 0.88515625 0.94375 0.1984375 0.1125
0 0.97109375 0.8125 0.0578125 0.1796875
0 0.425 0.66484375 0.146875 0.18203125
0 0.3171875 0.79609375 0.16796875 0.16953125
0 0.81953125 0.0359375 0.14765625 0.07109375
0 0.49921875 0.071875 0.1078125 0.14375
0 0.0703125 0.3734375 0.11875 0.15
0 0.09296875 0.9484375 0.13046875 0.103125
0 0.04375 0.64765625 0.0859375 0.175
0 0.065625 0.7609375 0.12421875 0.14609375
0 0.09765625 0.85546875 0.0953125 0.18203125
0 0.0453125 0.48828125 0.090625 0.1546875
0 0.23359375 0.02890625 0.17421875 0.0578125
0 0.5765625 0.0515625 0.10546875 0.10234375
2 0.73046875 0.621875 0.05078125 0.06328125