0 0.86953125 0.16171875 0.19296875 0.25
0 0.7453125 0.47109375 0.1640625 0.23125
0 0.51015625 0.89296875 0.165625 0.196875
0 0.453125 0.13828125 0.190625 0.2765625
0 0.08359375 0.340625 0.1671875 0.31875
0 0.275 0.75078125 0.2 0.31171875
0 0.0921875 0.87578125 0.175 0.1890625
0 0.84765625 0.63515625 0.17421875 0.20390625
0 0.925 0.303125 0.140625 0.26328125
0 0.1484375 0.046875 0.16875 0.09375
2 0.88984375 0.5015625 0.08515625 0.1453125
0 0.33984375 0.22265625 0.1171875 0.15546875
0 0.7265625 0.23828125 0.184375 0.27421875
2 0.33203125 0.1203125 0.0609375 0.08515625
0 0.8125 0.3203125 0.15234375 0.1796875
1 0.39453125 0.4140625 0.2203125 0.3375
0 0.97265625 0.840625 0.0546875 0.23203125
0 0.14375 0.62578125 0.20703125 0.20078125