0 0.29453125 0.159375 0.20859375 0.24609375
0 0.93984375 0.07578125 0.11953125 0.1515625
0 0.41796875 0.5015625 0.16484375 0.18671875
0 0.93046875 0.80703125 0.13828125 0.16171875
0 0.646875 0.78984375 0.1609375 0.21171875
0 0.11015625 0.26484375 0.18359375 0.23828125
0 0.69296875 0.53203125 0.16953125 0.28125
0 0.12734375 0.79609375 0.18515625 0.1859375
0 0.20859375 0.0515625 0.13828125 0.103125
2 0.89375 0.91171875 0.0671875 0.0921875
0 0.94921875 0.3375 0.1015625 0.225
2 0.3421875 0.93046875 0.084375 0.11796875
0 0.8578125 0.03671875 0.14375 0.0734375
2 0.07421875 0.4421875 0.0625 0.08125
0 0.76015625 0.70703125 0.15 0.29296875
0 0.24296875 0.43125 0.1640625 0.20546875
0 0.82109375 0.36171875 0.15625 0.41953125
0 0.3796875 0.77421875 0.15546875 0.18515625
1 0.57578125 0.2578125 0.29140625 0.3515625
0 0.2640625 0.62109375 0.1421875 0.19140625
0 0.0421875 0.6171875 0.084375 0.2125
0 0.4265625 0.91796875 0.1546875 0.1640625
0 0.63046875 0.94921875 0.2453125 0.1015625
0 0.07109375 0.91484375 0.128125 0.1703125