0 0.3015625 0.240625 0.15 0.18828125
0 0.72578125 0.86484375 0.17109375 0.26796875
0 0.33515625 0.6484375 0.17265625 0.22109375
0 0.309375 0.8265625 0.140625 0.21328125
0 0.65703125 0.19375 0.15234375 0.24453125
0 0.95078125 0.30390625 0.0984375 0.209375
0 0.8140625 0.20390625 0.20703125 0.2859375
0 0.3140625 0.425 0.14453125 0.20859375
0 0.88359375 0.678125 0.16015625 0.21796875
1 0.66796875 0.59453125 0.28984375 0.3984375
0 0.165625 0.6328125 0.17109375 0.20234375
0 0.0671875 0.11640625 0.13359375 0.2265625
0 0.47890625 0.43046875 0.15078125 0.26953125
0 0.54609375 0.1484375 0.1625 0.2140625
0 0.90546875 0.04453125 0.1671875 0.0890625
0 0.21875 0.42734375 0.1328125 0.19609375
0 0.0640625 0.371875 0.128125 0.275
0 0.46484375 0.6015625 0.13203125 0.18671875
0 0.9609375 0.5578125 0.078125 0.240625
0 0.57890625 0.9078125 0.1546875 0.17734375
0 0.92578125 0.8828125 0.14296875 0.23203125
0 0.040625 0.6390625 0.0734375 0.33984375
0 0.09765625 0.95703125 0.1953125 0.0859375