0 0.1890625 0.796875 0.16953125 0.26015625
0 0.29453125 0.0734375 0.1609375 0.146875
0 0.7859375 0.909375 0.1734375 0.17265625
0 0.9046875 0.5515625 0.1671875 0.2125
0 0.64375 0.8125 0.16171875 0.23125
0 0.23984375 0.32890625 0.15078125 0.21640625
0 0.7859375 0.70703125 0.14140625 0.21171875
0 0.36640625 0.49765625 0.14609375 0.2078125
0 0.11171875 0.1671875 0.1796875 0.32890625
0 0.89296875 0.7828125 0.17265625 0.22578125
1 0.57890625 0.51328125 0.27734375 0.43359375
0 0.70703125 0.12109375 0.15390625 0.22734375
0 0.42421875 0.2109375 0.1875 0.2203125
0 0.08125 0.53046875 0.1625 0.34765625
0 0.46171875 0.93359375 0.1828125 0.1328125
0 0.23046875 0.590625 0.17421875 0.2609375
0 0.315625 0.865625 0.16796875 0.19453125
0 0.91953125 0.109375 0.15 0.21875
2 0.3046875 0.64609375 0.0671875 0.0859375
0 0.403125 0.0734375 0.17421875 0.146875
0 0.94296875 0.95625 0.11328125 0.0875