0 0.2 0.096875 0.203125 0.1890625
0 0.77109375 0.7484375 0.20078125 0.2421875
0 0.7921875 0.09609375 0.19453125 0.18515625
0 0.34921875 0.09921875 0.1875 0.1921875
0 0.30859375 0.43046875 0.1859375 0.1875
0 0.70625 0.21484375 0.146875 0.1921875
0 0.72890625 0.42890625 0.19609375 0.2390625
0 0.6625 0.10546875 0.15078125 0.19375
2 0.44375 0.20546875 0.059375 0.07734375
0 0.921875 0.2109375 0.14609375 0.203125
0 0.8875 0.54375 0.16640625 0.29609375
0 0.04609375 0.1328125 0.0921875 0.228125
0 0.63828125 0.6859375 0.11171875 0.19296875
0 0.053125 0.39296875 0.1046875 0.16953125
0 0.29609375 0.94375 0.1390625 0.1125
0 0.18515625 0.50078125 0.15390625 0.1140625
0 0.14453125 0.77890625 0.15390625 0.225
0 0.040625 0.83828125 0.08046875 0.29921875
0 0.61015625 0.9640625 0.1296875 0.071875
1 0.26953125 0.6890625 0.1921875 0.2484375