0 0.515625 0.49921875 0.1625 0.19140625
0 0.62109375 0.05546875 0.1671875 0.1109375
0 0.30390625 0.74765625 0.184375 0.253125
0 0.88671875 0.93125 0.2125 0.13671875
0 0.78203125 0.05625 0.1484375 0.11171875
0 0.5078125 0.1828125 0.13046875 0.1796875
0 0.85078125 0.56875 0.1578125 0.23828125
0 0.603125 0.25546875 0.14375 0.18203125
0 0.1984375 0.58359375 0.18046875 0.24921875
0 0.71015625 0.46796875 0.1609375 0.21875
0 0.03359375 0.69375 0.0671875 0.215625
0 0.36015625 0.56171875 0.15625 0.18984375
2 0.01484375 0.1359375 0.0296875 0.10625
0 0.909375 0.35390625 0.16015625 0.2625
0 0.96328125 0.67421875 0.0734375 0.20234375
0 0.7640625 0.6703125 0.15390625 0.2234375
0 0.09921875 0.96328125 0.1515625 0.07265625
0 0.37890625 0.06640625 0.24375 0.13203125
0 0.96015625 0.12109375 0.0796875 0.2109375
0 0.053125 0.43828125 0.10625 0.2484375
0 0.27265625 0.19921875 0.16640625 0.13125
0 0.334375 0.3015625 0.178125 0.19375
0 0.259375 0.37890625 0.15546875 0.21171875
1 0.5328125 0.790625 0.26875 0.27265625