0 0.76953125 0.628125 0.171875 0.23203125
0 0.15390625 0.0578125 0.1578125 0.115625
0 0.18984375 0.2140625 0.15078125 0.21796875
0 0.51171875 0.8765625 0.15859375 0.20703125
0 0.14375 0.6828125 0.1640625 0.2265625
0 0.41171875 0.71796875 0.1484375 0.1890625
0 0.58984375 0.0765625 0.1625 0.153125
0 0.93828125 0.79296875 0.1234375 0.20625
0 0.30390625 0.88671875 0.1625 0.18828125
0 0.75234375 0.90859375 0.17890625 0.175
0 0.27890625 0.57109375 0.1546875 0.22265625
0 0.33515625 0.0375 0.175 0.075
0 0.0671875 0.36171875 0.134375 0.23125
0 0.7359375 0.38359375 0.15859375 0.24375
0 0.71953125 0.165625 0.20234375 0.2359375
0 0.60234375 0.6953125 0.18515625 0.30546875
1 0.4375 0.284375 0.3296875 0.45703125
0 0.0515625 0.8265625 0.10234375 0.1890625
2 0.8421875 0.04375 0.06875 0.0796875
0 0.9671875 0.53203125 0.065625 0.2546875
2 0.865625 0.39296875 0.11015625 0.16796875
0 0.975 0.90078125 0.05 0.16328125
0 0.0859375 0.97109375 0.1546875 0.0578125