0 0.86171875 0.27890625 0.159375 0.18203125
0 0.47578125 0.63671875 0.15859375 0.18984375
0 0.93828125 0.10546875 0.1234375 0.20625
2 0.84609375 0.13671875 0.07421875 0.10703125
0 0.76171875 0.05234375 0.178125 0.10390625
0 0.10546875 0.22890625 0.11640625 0.1921875
0 0.03359375 0.10625 0.0671875 0.20625
2 0.34140625 0.50390625 0.059375 0.07890625
1 0.4328125 0.2109375 0.18125 0.32421875
0 0.6390625 0.47890625 0.16171875 0.2125
1 0.28515625 0.24140625 0.21171875 0.40546875
0 0.1859375 0.59140625 0.1921875 0.2421875
0 0.33984375 0.86796875 0.2140625 0.21171875
0 0.68359375 0.78671875 0.209375 0.24453125
0 0.81484375 0.61328125 0.1171875 0.40546875
0 0.909375 0.81640625 0.146875 0.25859375
0 0.965625 0.60234375 0.06171875 0.31640625
0 0.78125 0.95 0.2578125 0.09921875
0 0.5203125 0.90546875 0.15390625 0.17734375