0 0.11015625 0.190625 0.1828125 0.24921875
0 0.78359375 0.8421875 0.16875 0.2234375
0 0.428125 0.08671875 0.1453125 0.1734375
0 0.67890625 0.9359375 0.15703125 0.128125
0 0.3234375 0.090625 0.15234375 0.18046875
0 0.82890625 0.14765625 0.1390625 0.19296875
0 0.2796875 0.234375 0.140625 0.21875
0 0.42890625 0.796875 0.1921875 0.20078125
0 0.6671875 0.13515625 0.153125 0.19140625
0 0.05703125 0.91328125 0.1140625 0.16640625
0 0.31484375 0.7578125 0.14921875 0.18203125
0 0.03046875 0.56171875 0.0609375 0.17890625
0 0.60859375 0.78515625 0.1640625 0.24375
0 0.3125 0.59296875 0.16171875 0.203125
0 0.2328125 0.40625 0.15234375 0.25234375
0 0.67890625 0.41171875 0.14609375 0.20390625
0 0.9625 0.078125 0.075 0.15625
0 0.03515625 0.32265625 0.0703125 0.1890625
0 0.15703125 0.68515625 0.20546875 0.26875
0 0.903125 0.64453125 0.18515625 0.3640625
0 0.63125 0.5796875 0.18125 0.24296875
0 0.75625 0.02734375 0.153125 0.0546875
0 0.31796875 0.94765625 0.1890625 0.1046875
0 0.534375 0.02578125 0.15859375 0.0515625
0 0.86015625 0.34296875 0.20859375 0.321875
0 0.8203125 0.409375 0.1328125 0.1703125
1 0.44921875 0.38203125 0.26640625 0.371875