0 0.7875 0.2484375 0.1796875 0.22265625
0 0.22109375 0.08828125 0.1546875 0.1765625
0 0.875 0.63984375 0.165625 0.19609375
0 0.396875 0.0953125 0.159375 0.190625
0 0.66484375 0.88515625 0.1640625 0.20234375
0 0.34375 0.2546875 0.15625 0.23671875
0 0.71796875 0.08125 0.17578125 0.15859375
0 0.31796875 0.80390625 0.16953125 0.22734375
0 0.1375 0.88828125 0.18671875 0.2078125
0 0.19453125 0.53359375 0.1484375 0.234375
0 0.06484375 0.05625 0.1296875 0.1125
0 0.6625 0.66796875 0.15859375 0.21171875
0 0.9109375 0.10078125 0.178125 0.18125
0 0.0984375 0.5828125 0.1609375 0.23359375
0 0.11171875 0.1953125 0.17109375 0.221875
0 0.84453125 0.93984375 0.16875 0.11953125
0 0.565625 0.17890625 0.1546875 0.23125
0 0.94296875 0.421875 0.1140625 0.21953125
0 0.45 0.7625 0.17265625 0.2078125
0 0.92734375 0.8 0.1453125 0.2296875
0 0.7625 0.45625 0.2265625 0.2265625
2 0.240625 0.22265625 0.071875 0.08671875
2 0.5390625 0.871875 0.05859375 0.084375
1 0.53046875 0.45859375 0.38125 0.41484375
0 0.3109375 0.5890625 0.1359375 0.19609375
0 0.37890625 0.94140625 0.30625 0.1171875
0 0.028125 0.8875 0.04921875 0.22421875