0 0.46328125 0.31796875 0.165625 0.2375
0 0.775 0.52734375 0.16953125 0.2125
0 0.26875 0.0578125 0.1625 0.115625
0 0.23359375 0.165625 0.16875 0.1953125
0 0.93359375 0.5828125 0.1328125 0.2140625
0 0.70546875 0.74609375 0.14765625 0.21328125
0 0.86640625 0.81015625 0.15703125 0.2109375
0 0.76953125 0.10625 0.17890625 0.20234375
0 0.90546875 0.36953125 0.16953125 0.203125
1 0.18125 0.51328125 0.253125 0.47109375
0 0.08515625 0.78125 0.1265625 0.20078125
0 0.7109375 0.359375 0.203125 0.3171875
0 0.1140625 0.07578125 0.21875 0.1515625
0 0.06484375 0.16484375 0.12265625 0.17890625
1 0.45625 0.78203125 0.3171875 0.3328125
0 0.23671875 0.88828125 0.1953125 0.21171875