1 0.6796875 0.278125 0.28984375 0.38046875
0 0.19296875 0.65703125 0.159375 0.19296875
0 0.23203125 0.2109375 0.1703125 0.1546875
0 0.115625 0.0734375 0.14609375 0.14609375
0 0.33671875 0.10625 0.1859375 0.19453125
0 0.4953125 0.11484375 0.18125 0.15390625
0 0.4484375 0.28125 0.18359375 0.2609375
0 0.1421875 0.4078125 0.1484375 0.15703125
0 0.21328125 0.4671875 0.14375 0.17578125
0 0.03046875 0.50859375 0.05703125 0.1703125
0 0.38359375 0.58828125 0.20078125 0.25078125
0 0.5234375 0.50390625 0.15859375 0.1953125
0 0.659375 0.69375 0.1609375 0.1625
0 0.56328125 0.6578125 0.16015625 0.21484375
0 0.54140625 0.90234375 0.20703125 0.1953125
0 0.91640625 0.840625 0.1359375 0.2390625
0 0.8421875 0.68828125 0.159375 0.2265625
0 0.8640625 0.46640625 0.16171875 0.19765625
0 0.896875 0.28125 0.165625 0.2
0 0.88828125 0.0578125 0.1546875 0.1140625
0 0.2640625 0.8234375 0.15625 0.196875
1 0.071875 0.79140625 0.140625 0.18671875