0 0.34296875 0.7953125 0.16015625 0.2546875
0 0.903125 0.315625 0.18828125 0.2484375
0 0.6546875 0.06328125 0.15625 0.1265625
0 0.7609375 0.80390625 0.16796875 0.20625
0 0.415625 0.440625 0.178125 0.21640625
0 0.76953125 0.5703125 0.1609375 0.234375
0 0.7890625 0.11953125 0.1609375 0.225
0 0.9171875 0.85546875 0.15625 0.20625
0 0.434375 0.64453125 0.15078125 0.23359375
0 0.19375 0.4671875 0.18046875 0.31015625
0 0.55234375 0.1984375 0.15390625 0.1953125
0 0.9609375 0.06328125 0.07734375 0.1265625
0 0.19296875 0.73828125 0.17578125 0.22421875
0 0.6453125 0.41640625 0.1515625 0.23203125
0 0.27734375 0.121875 0.14140625 0.2234375
0 0.053125 0.4296875 0.10546875 0.23046875
0 0.4109375 0.2484375 0.18671875 0.21484375
0 0.9671875 0.50625 0.06484375 0.221875
0 0.1203125 0.190625 0.1640625 0.27421875
0 0.7453125 0.35390625 0.159375 0.22578125
1 0.57421875 0.86484375 0.24921875 0.2703125
0 0.18828125 0.88203125 0.16640625 0.184375
0 0.35234375 0.08046875 0.1328125 0.15546875
0 0.3046875 0.96953125 0.1875 0.06015625
0 0.52109375 0.6390625 0.15390625 0.15546875