0 0.1828125 0.0921875 0.16796875 0.184375
0 0.3359375 0.4484375 0.1953125 0.19453125
0 0.8765625 0.41796875 0.1484375 0.19921875
0 0.0890625 0.2875 0.17421875 0.234375
0 0.7875 0.55390625 0.12421875 0.1953125
0 0.92890625 0.63984375 0.1421875 0.2140625
2 0.140625 0.41953125 0.075 0.10390625
0 0.76171875 0.16171875 0.1671875 0.25703125
0 0.51875 0.228125 0.14375 0.2453125
0 0.109375 0.9375 0.16484375 0.11875
2 0.29296875 0.78203125 0.06875 0.09375
0 0.034375 0.0875 0.06796875 0.1703125
0 0.209375 0.621875 0.22265625 0.3296875
0 0.33359375 0.94375 0.1890625 0.1125
0 0.03203125 0.475 0.0640625 0.17890625
0 0.925 0.246875 0.15 0.2171875
0 0.6234375 0.12265625 0.10234375 0.2453125
1 0.48046875 0.7515625 0.3015625 0.45234375
0 0.88671875 0.83984375 0.1765625 0.15078125
0 0.81953125 0.93515625 0.1703125 0.1203125