0 0.6203125 0.1078125 0.15546875 0.21328125
0 0.828125 0.12734375 0.16796875 0.2203125
0 0.1625 0.1859375 0.17734375 0.22109375
0 0.9359375 0.29296875 0.128125 0.19765625
0 0.95859375 0.89140625 0.0828125 0.1828125
0 0.290625 0.83984375 0.17265625 0.215625
0 0.534375 0.2421875 0.16328125 0.24609375
0 0.709375 0.6265625 0.16796875 0.28125
0 0.8296875 0.42265625 0.16328125 0.26171875
0 0.27265625 0.08046875 0.16484375 0.16015625
0 0.76875 0.87109375 0.196875 0.25
0 0.1671875 0.4296875 0.18203125 0.284375
0 0.36953125 0.121875 0.1734375 0.24375
0 0.765625 0.33203125 0.14453125 0.175
0 0.025 0.53359375 0.05 0.22890625
0 0.184375 0.025 0.190625 0.05
0 0.08828125 0.8890625 0.1765625 0.215625
1 0.3734375 0.5109375 0.2734375 0.425