0 0.94453125 0.6515625 0.11015625 0.21953125
0 0.49921875 0.1046875 0.15625 0.19140625
0 0.39140625 0.8828125 0.165625 0.21484375
0 0.23125 0.1609375 0.18515625 0.321875
2 0.75703125 0.15078125 0.05078125 0.0890625
0 0.678125 0.21640625 0.1828125 0.24296875
0 0.63046875 0.03203125 0.203125 0.06328125
0 0.0265625 0.52265625 0.053125 0.2296875
0 0.44140625 0.62265625 0.16015625 0.23828125
0 0.82734375 0.4421875 0.25703125 0.27265625
0 0.534375 0.5171875 0.171875 0.19453125
0 0.08046875 0.21328125 0.1609375 0.3203125
0 0.32421875 0.47578125 0.15859375 0.303125
0 0.12421875 0.76171875 0.20703125 0.234375
0 0.1859375 0.51640625 0.12109375 0.1234375
0 0.2765625 0.70234375 0.14609375 0.1421875
0 0.24140625 0.91484375 0.14765625 0.1703125
0 0.075 0.9421875 0.1453125 0.109375
1 0.5828125 0.78515625 0.25625 0.29921875
2 0.4140625 0.16171875 0.046875 0.06015625