0 0.91640625 0.86328125 0.15859375 0.20234375
0 0.7953125 0.7078125 0.17265625 0.20546875
0 0.65390625 0.19375 0.15859375 0.19921875
0 0.359375 0.153125 0.16640625 0.19375
0 0.9359375 0.05078125 0.11875 0.1015625
0 0.075 0.08125 0.146875 0.1578125
0 0.71640625 0.88828125 0.15 0.2109375
0 0.13515625 0.32421875 0.18046875 0.21875
0 0.1375 0.52109375 0.13828125 0.1953125
0 0.79609375 0.0890625 0.14453125 0.175
0 0.9390625 0.31796875 0.121875 0.20703125
0 0.81328125 0.4453125 0.15703125 0.22890625
0 0.23984375 0.128125 0.15546875 0.2140625
0 0.65 0.4421875 0.1625 0.28515625
0 0.046875 0.49375 0.09296875 0.18359375
0 0.23046875 0.78125 0.16875 0.3171875
0 0.03984375 0.66328125 0.0796875 0.2
0 0.4375 0.8203125 0.2265625 0.2359375
2 0.21015625 0.38046875 0.05625 0.0875
1 0.39609375 0.51328125 0.259375 0.484375
0 0.87109375 0.9703125 0.1671875 0.059375
0 0.10078125 0.934375 0.19921875 0.13046875
0 0.4875 0.965625 0.21328125 0.06796875
0 0.3671875 0.04140625 0.16953125 0.0828125