1 0.64140625 0.84296875 0.17578125 0.1609375
0 0.4375 0.34296875 0.19375 0.14375
0 0.25703125 0.20859375 0.13828125 0.175
0 0.715625 0.178125 0.146875 0.16015625
0 0.13671875 0.09375 0.12890625 0.14140625
0 0.078125 0.20625 0.1359375 0.1703125
0 0.0390625 0.37734375 0.078125 0.19140625
0 0.11015625 0.3796875 0.0984375 0.2
0 0.15703125 0.69765625 0.153125 0.1984375
0 0.059375 0.6859375 0.10234375 0.1421875
0 0.03203125 0.77421875 0.0640625 0.1484375
0 0.2453125 0.89921875 0.2609375 0.2015625
0 0.8390625 0.053125 0.25859375 0.10078125
0 0.896875 0.22890625 0.11953125 0.215625
0 0.79375 0.23828125 0.078125 0.190625
0 0.54765625 0.61640625 0.17578125 0.17734375
0 0.80859375 0.5625 0.16015625 0.14921875
0 0.96328125 0.6328125 0.06796875 0.20546875
0 0.878125 0.68125 0.11953125 0.19609375
0 0.81015625 0.89375 0.178125 0.21171875
0 0.3453125 0.6390625 0.21171875 0.12265625
0 0.3359375 0.73984375 0.13515625 0.109375
0 0.18125 0.4875 0.09375 0.165625
0 0.278125 0.47734375 0.1359375 0.17890625
0 0.33046875 0.0984375 0.13359375 0.19609375
0 0.28828125 0.3203125 0.140625 0.09296875
0 0.4171875 0.05625 0.153125 0.1125
0 0.0640625 0.0984375 0.11796875 0.1625
2 0.1625 0.30546875 0.0421875 0.08515625
2 0.70625 0.44765625 0.07109375 0.090625
2 0.60859375 0.74453125 0.046875 0.05859375