0 0.09609375 0.07890625 0.1453125 0.1578125
0 0.4859375 0.22890625 0.153125 0.23515625
0 0.09609375 0.8296875 0.1765625 0.18203125
0 0.66015625 0.10859375 0.16875 0.2171875
0 0.80703125 0.94375 0.18984375 0.1125
0 0.40703125 0.06875 0.1484375 0.1375
0 0.646875 0.7609375 0.128125 0.25390625
0 0.15234375 0.465625 0.171875 0.19375
0 0.21015625 0.24453125 0.13984375 0.184375
2 0.7484375 0.78046875 0.06640625 0.10234375
0 0.903125 0.4109375 0.18828125 0.28515625
0 0.96796875 0.79296875 0.06328125 0.2234375
0 0.14921875 0.63828125 0.18359375 0.28828125
0 0.2390625 0.10703125 0.2125 0.2140625
0 0.4140625 0.77109375 0.21796875 0.23984375
0 0.034375 0.94609375 0.06875 0.10390625
0 0.8046875 0.11875 0.215625 0.2375
1 0.5375 0.34609375 0.21953125 0.2203125
1 0.5421875 0.51953125 0.24609375 0.16484375
0 0.35390625 0.37265625 0.13359375 0.28515625
0 0.31484375 0.50625 0.21171875 0.28203125
0 0.74609375 0.35859375 0.146875 0.23515625
0 0.76640625 0.6203125 0.15703125 0.22734375
0 0.575 0.95 0.253125 0.09921875
0 0.08203125 0.30390625 0.1625 0.29375