0 0.86015625 0.91171875 0.15234375 0.16796875
0 0.75546875 0.8484375 0.1359375 0.2421875
0 0.7390625 0.46875 0.21484375 0.23515625
0 0.55078125 0.578125 0.15234375 0.2109375
0 0.21640625 0.09375 0.1609375 0.1875
0 0.67265625 0.21484375 0.16171875 0.2140625
0 0.8203125 0.59375 0.15390625 0.18203125
0 0.915625 0.43828125 0.1609375 0.24140625
0 0.16328125 0.83984375 0.14609375 0.21015625
0 0.8015625 0.19609375 0.18046875 0.17265625
0 0.36171875 0.0890625 0.17109375 0.17734375
1 0.26796875 0.36875 0.24296875 0.4625
0 0.13984375 0.55 0.125 0.19609375
0 0.690625 0.07421875 0.17265625 0.1484375
0 0.0296875 0.9078125 0.05859375 0.1765625
0 0.48515625 0.8421875 0.178125 0.20234375
0 0.2796875 0.70546875 0.24765625 0.31015625
2 0.55 0.31953125 0.0546875 0.07421875
0 0.06015625 0.13359375 0.1203125 0.2640625
0 0.67109375 0.7140625 0.1765625 0.228125
0 0.65 0.96875 0.17578125 0.06171875