0 0.90625 0.46484375 0.17890625 0.25703125
0 0.14375 0.53125 0.159375 0.23828125
0 0.14765625 0.90234375 0.17265625 0.1953125
0 0.56484375 0.80703125 0.16015625 0.25
0 0.47578125 0.53984375 0.18671875 0.23984375
0 0.12109375 0.2484375 0.15390625 0.20703125
0 0.24140625 0.196875 0.1421875 0.1953125
0 0.809375 0.9203125 0.20078125 0.15390625
0 0.67109375 0.13515625 0.1921875 0.26953125
0 0.02734375 0.58515625 0.0546875 0.2453125
0 0.89609375 0.7453125 0.19609375 0.23203125
0 0.32734375 0.3890625 0.1859375 0.32578125
0 0.91171875 0.23203125 0.16796875 0.1984375
0 0.9671875 0.90703125 0.065625 0.17890625
0 0.0875 0.02734375 0.14453125 0.05390625
0 0.65859375 0.38359375 0.13046875 0.19609375
0 0.403125 0.90234375 0.16875 0.19453125
0 0.74375 0.3875 0.16328125 0.209375
0 0.74765625 0.67109375 0.2 0.22890625
1 0.42578125 0.11328125 0.2984375 0.2265625
0 0.23125 0.04765625 0.096875 0.07109375