1 0.2890625 0.58359375 0.18984375 0.2359375
0 0.11875 0.265625 0.15078125 0.19453125
0 0.28671875 0.2671875 0.1421875 0.12265625
0 0.29140625 0.115625 0.17265625 0.1921875
0 0.54453125 0.06953125 0.146875 0.1390625
0 0.484375 0.29375 0.15078125 0.1796875
0 0.65078125 0.12421875 0.14453125 0.18046875
0 0.8359375 0.1265625 0.1421875 0.1859375
0 0.79609375 0.9234375 0.1984375 0.12890625
0 0.540625 0.94296875 0.11484375 0.1140625
0 0.2640625 0.853125 0.16015625 0.159375
0 0.3828125 0.82734375 0.13046875 0.13359375
0 0.17578125 0.85703125 0.075 0.14609375
0 0.81953125 0.5375 0.13125 0.14453125
0 0.73046875 0.47109375 0.1390625 0.21640625
0 0.0921875 0.8625 0.12109375 0.14453125
0 0.59296875 0.6515625 0.1296875 0.18203125
0 0.5640625 0.7734375 0.1265625 0.15546875
0 0.71640625 0.73828125 0.16640625 0.165625
0 0.6484375 0.9 0.2 0.2
0 0.92265625 0.07578125 0.1546875 0.11484375
0 0.75078125 0.04609375 0.159375 0.0921875
2 0.04296875 0.08046875 0.0375 0.0640625
2 0.87734375 0.64375 0.04296875 0.0375