2 0.87421875 0.86015625 0.0765625 0.10234375
0 0.72421875 0.08984375 0.23125 0.1796875
0 0.27578125 0.64375 0.17109375 0.2703125
0 0.6375 0.2265625 0.1671875 0.23046875
0 0.1390625 0.18515625 0.1765625 0.20390625
0 0.93671875 0.628125 0.1265625 0.240625
0 0.8390625 0.1890625 0.1453125 0.22734375
0 0.15 0.89765625 0.16015625 0.20390625
0 0.7109375 0.76953125 0.20390625 0.24140625
0 0.28125 0.109375 0.16171875 0.20859375
0 0.11484375 0.06015625 0.15234375 0.1203125
2 0.43125 0.38203125 0.06796875 0.09609375
0 0.47421875 0.025 0.1703125 0.05
0 0.76015625 0.371875 0.175 0.19921875
1 0.4796875 0.62578125 0.23359375 0.2921875
0 0.32421875 0.91015625 0.1484375 0.1796875
0 0.45546875 0.896875 0.1109375 0.20546875
0 0.05390625 0.5171875 0.10703125 0.2046875
0 0.1421875 0.534375 0.1375 0.20546875
0 0.1625 0.6734375 0.146875 0.1625
0 0.20703125 0.43203125 0.1578125 0.19609375
2 0.2703125 0.2859375 0.06875 0.07890625