0 0.93515625 0.08125 0.12890625 0.159375
0 0.12109375 0.91171875 0.15390625 0.16796875
0 0.05703125 0.74765625 0.11328125 0.18046875
0 0.54375 0.37734375 0.159375 0.23984375
1 0.3328125 0.14375 0.26875 0.28671875
2 0.14609375 0.140625 0.0703125 0.1109375
0 0.2484375 0.84453125 0.13203125 0.17890625
0 0.46484375 0.90234375 0.17109375 0.190625
0 0.9078125 0.60859375 0.1546875 0.21328125
0 0.78515625 0.20390625 0.18515625 0.31640625
0 0.66015625 0.20546875 0.1296875 0.196875
2 0.61484375 0.0625 0.0671875 0.1015625
0 0.13828125 0.41328125 0.19375 0.32890625
0 0.034375 0.3890625 0.06875 0.22578125
0 0.115625 0.02578125 0.15390625 0.0515625
0 0.634375 0.41953125 0.1484375 0.203125
0 0.88984375 0.79765625 0.1953125 0.20625
0 0.38984375 0.40546875 0.1609375 0.30546875
0 0.809375 0.48515625 0.159375 0.24140625
0 0.95 0.87421875 0.09921875 0.20078125
0 0.2171875 0.24140625 0.14140625 0.2453125
0 0.55625 0.9421875 0.1546875 0.11484375