0 0.2671875 0.20234375 0.14609375 0.1796875
0 0.8171875 0.60859375 0.171875 0.234375
0 0.9203125 0.840625 0.14296875 0.1984375
0 0.93984375 0.6375 0.1203125 0.221875
0 0.0671875 0.21953125 0.1296875 0.15703125
0 0.5375 0.06875 0.175 0.1375
0 0.41328125 0.3375 0.13515625 0.178125
0 0.11484375 0.71328125 0.1484375 0.19140625
0 0.24453125 0.52265625 0.140625 0.2125
0 0.11015625 0.08984375 0.15859375 0.1734375
1 0.43046875 0.67109375 0.1875 0.32421875
0 0.05859375 0.91875 0.1171875 0.15390625
0 0.8390625 0.4015625 0.20546875 0.2171875
0 0.82421875 0.84296875 0.13515625 0.2140625
0 0.38671875 0.06171875 0.171875 0.1234375
0 0.5546875 0.93359375 0.1625 0.1265625
0 0.9703125 0.06015625 0.059375 0.11953125
0 0.51640625 0.31875 0.1515625 0.19453125
0 0.6421875 0.4265625 0.1609375 0.221875
0 0.22265625 0.084375 0.15078125 0.1609375
0 0.79765625 0.93515625 0.1546875 0.1296875
0 0.29453125 0.828125 0.1859375 0.34375