0 0.63828125 0.1171875 0.1875 0.234375
0 0.178125 0.1109375 0.22265625 0.221875
0 0.7171875 0.6328125 0.1515625 0.19140625
0 0.7109375 0.4265625 0.16640625 0.234375
0 0.384375 0.80625 0.190625 0.35703125
0 0.44140625 0.93515625 0.1578125 0.12890625
0 0.94609375 0.890625 0.1078125 0.21484375
0 0.89609375 0.4546875 0.203125 0.215625
2 0.84453125 0.61328125 0.0953125 0.1328125
0 0.82109375 0.025 0.18671875 0.05
0 0.971875 0.24296875 0.05625 0.3015625
0 0.509375 0.746875 0.1375 0.2015625
0 0.69609375 0.2796875 0.16953125 0.184375
0 0.0828125 0.63984375 0.15625 0.234375
0 0.49921875 0.51328125 0.21953125 0.21328125