0 0.490625 0.29375 0.16015625 0.24765625
0 0.68203125 0.084375 0.15546875 0.1640625
0 0.05546875 0.8625 0.1109375 0.175
0 0.83359375 0.1484375 0.146875 0.190625
0 0.3234375 0.07265625 0.15078125 0.1453125
0 0.82578125 0.42109375 0.15546875 0.25
0 0.0921875 0.56796875 0.16796875 0.2328125
0 0.146875 0.70390625 0.1765625 0.3109375
1 0.3953125 0.67890625 0.26796875 0.3875
0 0.0390625 0.340625 0.078125 0.2296875
0 0.33125 0.29375 0.15625 0.18671875
0 0.621875 0.528125 0.2140625 0.28359375
0 0.80625 0.58203125 0.16015625 0.19375
0 0.2484375 0.209375 0.165625 0.184375
0 0.56015625 0.8671875 0.13671875 0.24765625
0 0.34140625 0.93203125 0.1796875 0.1359375
2 0.084375 0.43203125 0.0546875 0.07890625
0 0.95234375 0.5125 0.09453125 0.23671875
0 0.96875 0.909375 0.0625 0.17265625
0 0.42109375 0.0375 0.1640625 0.07421875
0 0.8765625 0.025 0.165625 0.05
0 0.73515625 0.77265625 0.2234375 0.19453125
0 0.10859375 0.10234375 0.2171875 0.2046875