0 0.1015625 0.1203125 0.190625 0.2171875
0 0.290625 0.15234375 0.18359375 0.1765625
0 0.40546875 0.1171875 0.18984375 0.21796875
0 0.1625 0.35703125 0.16640625 0.246875
0 0.5609375 0.24140625 0.1875 0.19609375
0 0.6953125 0.1859375 0.1484375 0.2515625
0 0.76640625 0.065625 0.1796875 0.12265625
0 0.9375 0.13046875 0.125 0.26015625
0 0.68984375 0.43515625 0.13125 0.26328125
0 0.6875 0.6546875 0.15390625 0.1796875
0 0.58046875 0.6984375 0.20078125 0.21328125
0 0.48828125 0.81328125 0.27109375 0.228125
0 0.3109375 0.803125 0.140625 0.1046875
0 0.30078125 0.95 0.225 0.09921875
0 0.5859375 0.946875 0.284375 0.10625
0 0.74375 0.9140625 0.09609375 0.1515625
0 0.0796875 0.93984375 0.1265625 0.1203125
1 0.51953125 0.43046875 0.1453125 0.25859375
2 0.3484375 0.47421875 0.04296875 0.0546875
2 0.42109375 0.584375 0.0375 0.04375
2 0.03984375 0.59765625 0.0359375 0.04765625