0 0.56171875 0.14921875 0.2140625 0.23046875
0 0.42265625 0.67421875 0.1875 0.25234375
0 0.36484375 0.265625 0.16171875 0.2328125
0 0.5015625 0.46171875 0.19140625 0.19765625
0 0.8109375 0.61484375 0.15078125 0.18515625
0 0.146875 0.05390625 0.15625 0.1078125
0 0.95234375 0.63828125 0.0953125 0.18984375
0 0.1453125 0.44765625 0.14375 0.21171875
0 0.671875 0.38125 0.15703125 0.215625
0 0.6671875 0.70234375 0.14453125 0.1921875
0 0.18984375 0.21953125 0.16796875 0.2328125
0 0.56328125 0.88203125 0.1578125 0.221875
0 0.8 0.05546875 0.159375 0.11015625
0 0.7875 0.22109375 0.17109375 0.23125
0 0.06640625 0.559375 0.128125 0.209375
0 0.8671875 0.296875 0.14140625 0.1890625
0 0.07890625 0.7984375 0.15703125 0.27265625
0 0.06796875 0.30078125 0.13515625 0.2234375
0 0.13671875 0.95859375 0.15390625 0.0828125
0 0.21640625 0.6890625 0.1640625 0.20703125
0 0.26796875 0.79609375 0.16484375 0.31640625
0 0.93125 0.196875 0.1375 0.21484375
1 0.803125 0.84453125 0.296875 0.31015625