0 0.68046875 0.765625 0.12734375 0.19375
0 0.6828125 0.09453125 0.1546875 0.18203125
0 0.26484375 0.85859375 0.16875 0.259375
0 0.078125 0.2859375 0.15625 0.21796875
0 0.68125 0.50703125 0.1734375 0.3375
0 0.534375 0.52265625 0.17578125 0.22265625
0 0.78359375 0.76171875 0.1546875 0.1953125
0 0.58984375 0.32890625 0.14921875 0.2171875
0 0.42109375 0.68671875 0.1625 0.225
0 0.5140625 0.91953125 0.1765625 0.15390625
0 0.12734375 0.60078125 0.18046875 0.19375
0 0.85234375 0.53046875 0.171875 0.29453125
0 0.21875 0.3609375 0.16015625 0.18203125
0 0.76171875 0.24296875 0.22578125 0.20859375
0 0.87421875 0.95390625 0.1578125 0.09140625
0 0.6578125 0.9234375 0.18828125 0.14765625
0 0.97421875 0.50078125 0.0515625 0.2171875
0 0.2984375 0.43515625 0.171875 0.23359375
0 0.06953125 0.10625 0.1390625 0.2125
1 0.3921875 0.190625 0.396875 0.37578125