0 0.80703125 0.5296875 0.17421875 0.22734375
2 0.7828125 0.640625 0.0625 0.07265625
0 0.07734375 0.846875 0.1546875 0.28515625
0 0.9578125 0.646875 0.084375 0.19375
0 0.7625 0.16953125 0.17734375 0.19140625
0 0.9625 0.228125 0.075 0.1890625
0 0.5265625 0.89453125 0.1875 0.20625
0 0.2609375 0.525 0.19140625 0.28203125
1 0.13828125 0.1140625 0.228125 0.20546875
0 0.03046875 0.37734375 0.03828125 0.2171875
0 0.071875 0.54921875 0.12109375 0.26171875
0 0.43671875 0.3515625 0.15234375 0.38828125
0 0.4125 0.725 0.19296875 0.33046875
0 0.66171875 0.7796875 0.0828125 0.1890625
0 0.6859375 0.115625 0.15625 0.18046875
0 0.89609375 0.07421875 0.2078125 0.125