0 0.196875 0.2171875 0.17578125 0.18515625
0 0.546875 0.178125 0.203125 0.30859375
0 0.78828125 0.43515625 0.159375 0.203125
0 0.3203125 0.3234375 0.15234375 0.19921875
0 0.090625 0.9390625 0.16328125 0.12109375
0 0.02734375 0.40546875 0.0546875 0.20859375
0 0.06015625 0.1328125 0.11953125 0.23984375
0 0.7140625 0.9515625 0.1609375 0.096875
0 0.77890625 0.12734375 0.16953125 0.2546875
0 0.36796875 0.2203125 0.14296875 0.1625
0 0.30703125 0.86796875 0.21328125 0.23203125
0 0.84375 0.30234375 0.16015625 0.2484375
0 0.50703125 0.628125 0.2109375 0.28359375
2 0.83046875 0.7546875 0.06484375 0.09921875
0 0.184375 0.85234375 0.14140625 0.18359375
0 0.87890625 0.628125 0.1390625 0.19140625
2 0.37421875 0.44375 0.0515625 0.07109375
2 0.94453125 0.91875 0.06328125 0.10078125
2 0.48125 0.42265625 0.0640625 0.08203125
0 0.56640625 0.87265625 0.21484375 0.24609375
0 0.90859375 0.74609375 0.1671875 0.1984375
1 0.18515625 0.5890625 0.2515625 0.3765625
0 0.05078125 0.70703125 0.09921875 0.2984375
2 0.10859375 0.32578125 0.05703125 0.090625
0 0.26328125 0.0421875 0.1453125 0.084375
0 0.88203125 0.134375 0.15078125 0.178125
0 0.71953125 0.80625 0.15859375 0.2265625
0 0.9390625 0.25703125 0.12109375 0.19765625