0 0.440625 0.58515625 0.16484375 0.19375
0 0.3328125 0.428125 0.16328125 0.22421875
0 0.084375 0.08671875 0.15390625 0.1671875
0 0.1640625 0.521875 0.196875 0.2453125
0 0.79921875 0.165625 0.1890625 0.23671875
0 0.29140625 0.6171875 0.13203125 0.2
0 0.190625 0.3203125 0.1703125 0.19609375
0 0.6828125 0.040625 0.17578125 0.08046875
1 0.77109375 0.69140625 0.2828125 0.421875
0 0.0765625 0.740625 0.15234375 0.26171875
2 0.51328125 0.834375 0.06171875 0.07265625
0 0.65625 0.21640625 0.14609375 0.2
0 0.95859375 0.265625 0.0828125 0.23046875
0 0.9703125 0.4953125 0.059375 0.21171875
0 0.621875 0.921875 0.1515625 0.15078125
0 0.83046875 0.3953125 0.184375 0.20546875
0 0.590625 0.6828125 0.06953125 0.24453125