1 0.2015625 0.6515625 0.2484375 0.37734375
0 0.11328125 0.20703125 0.153125 0.2953125
0 0.23125 0.3203125 0.13125 0.1765625
0 0.25625 0.20625 0.1546875 0.1609375
0 0.37578125 0.134375 0.1671875 0.1703125
0 0.48515625 0.053125 0.16328125 0.10625
0 0.46640625 0.13046875 0.1265625 0.15703125
0 0.33125 0.053125 0.18359375 0.096875
0 0.57578125 0.071875 0.15546875 0.14296875
0 0.559375 0.17734375 0.15078125 0.178125
0 0.6640625 0.30859375 0.16640625 0.2921875
0 0.82421875 0.26328125 0.12890625 0.1796875
0 0.84140625 0.4078125 0.11328125 0.20703125
0 0.91015625 0.22265625 0.12578125 0.190625
0 0.94609375 0.475 0.1078125 0.24296875
0 0.96484375 0.3046875 0.0703125 0.18359375
0 0.8515625 0.59453125 0.15 0.196875
0 0.9515625 0.934375 0.096875 0.13046875
0 0.9609375 0.70078125 0.078125 0.22578125
0 0.728125 0.74296875 0.15 0.22734375
0 0.4859375 0.70234375 0.16171875 0.22890625
0 0.4 0.8625 0.1921875 0.24921875
0 0.57890625 0.89765625 0.12578125 0.1125
0 0.684375 0.9453125 0.1125 0.09765625
0 0.77734375 0.93984375 0.13515625 0.1203125
0 0.5640625 0.9625 0.075 0.07421875
0 0.02890625 0.57734375 0.0578125 0.17890625
0 0.0453125 0.84921875 0.090625 0.1984375
0 0.20546875 0.953125 0.1703125 0.09296875
0 0.8734375 0.02734375 0.1296875 0.0546875