0 0.05703125 0.1484375 0.11328125 0.2
0 0.1 0.0625 0.11796875 0.125
0 0.15703125 0.35 0.1265625 0.3328125
0 0.2046875 0.103125 0.17734375 0.1765625
0 0.296875 0.29296875 0.1859375 0.20859375
0 0.46796875 0.134375 0.2359375 0.1609375
0 0.59140625 0.37421875 0.13515625 0.20546875
0 0.4375 0.3421875 0.24375 0.18203125
0 0.759375 0.05859375 0.14609375 0.10859375
0 0.75 0.14140625 0.1671875 0.1625
0 0.85234375 0.31015625 0.16953125 0.18984375
0 0.78203125 0.4546875 0.1796875 0.1671875
0 0.7546875 0.57734375 0.18359375 0.1328125
0 0.83671875 0.67734375 0.13515625 0.125
0 0.9171875 0.7640625 0.12109375 0.17265625
0 0.8 0.85859375 0.18046875 0.16640625
0 0.5125 0.91484375 0.196875 0.1703125
0 0.25234375 0.92734375 0.14453125 0.1453125
0 0.06484375 0.88125 0.11953125 0.20390625
0 0.02421875 0.63515625 0.0484375 0.21953125
1 0.54453125 0.6125 0.22578125 0.315625
2 0.66640625 0.07578125 0.09765625 0.13828125
2 0.36328125 0.909375 0.04765625 0.05546875