0 0.11328125 0.20859375 0.16015625 0.21875
0 0.76484375 0.45546875 0.1546875 0.2203125
0 0.56171875 0.26171875 0.184375 0.2296875
2 0.471875 0.6 0.07265625 0.0875
0 0.5765625 0.0953125 0.16015625 0.1859375
0 0.90859375 0.69375 0.1734375 0.19375
0 0.4140625 0.42578125 0.18125 0.22734375
0 0.13046875 0.71875 0.20390625 0.24140625
0 0.70625 0.07578125 0.1796875 0.146875
0 0.7203125 0.2890625 0.1765625 0.24453125
0 0.73125 0.6421875 0.15703125 0.190625
0 0.91875 0.39140625 0.15546875 0.19921875
0 0.7828125 0.909375 0.1796875 0.171875
0 0.26875 0.69921875 0.19765625 0.2671875
0 0.896875 0.9453125 0.15 0.109375
0 0.39765625 0.06796875 0.1671875 0.1359375
0 0.33828125 0.27890625 0.128125 0.17109375
0 0.20859375 0.940625 0.1421875 0.11875
0 0.94140625 0.1359375 0.1078125 0.271875
0 0.190625 0.06640625 0.165625 0.1328125
0 0.03984375 0.5375 0.0796875 0.209375
0 0.046875 0.3140625 0.09375 0.21484375
0 0.24921875 0.58125 0.146875 0.1796875
0 0.115625 0.04296875 0.175 0.08515625
0 0.271875 0.14453125 0.190625 0.27890625
1 0.51171875 0.81640625 0.2828125 0.3671875