0 0.8140625 0.2203125 0.184375 0.23671875
0 0.64296875 0.08984375 0.1921875 0.1796875
0 0.9453125 0.91640625 0.109375 0.1609375
0 0.94375 0.0734375 0.1125 0.146875
0 0.1875 0.884375 0.16640625 0.22734375
0 0.6609375 0.7203125 0.1609375 0.1875
0 0.73984375 0.49765625 0.15859375 0.2640625
0 0.13828125 0.0890625 0.1765625 0.1734375
0 0.11875 0.55859375 0.1484375 0.20625
0 0.5859375 0.5921875 0.1390625 0.21328125
0 0.8625 0.7328125 0.1796875 0.28671875
0 0.48515625 0.2484375 0.225 0.2375
0 0.47265625 0.03359375 0.1421875 0.0671875
0 0.809375 0.04609375 0.1578125 0.0921875
0 0.4875 0.45390625 0.14765625 0.2046875
0 0.83984375 0.45546875 0.14140625 0.21484375
0 0.1765625 0.365625 0.16875 0.28359375
1 0.4265625 0.80703125 0.29609375 0.38515625
0 0.2828125 0.578125 0.15703125 0.22265625
0 0.353125 0.36953125 0.19296875 0.21796875
0 0.96328125 0.51796875 0.0734375 0.18984375
0 0.321875 0.06171875 0.153125 0.12265625
0 0.0578125 0.29609375 0.115625 0.325
2 0.22734375 0.73828125 0.075 0.14453125
0 0.0390625 0.8734375 0.078125 0.253125