0 0.8890625 0.85234375 0.18828125 0.2421875
0 0.15625 0.7390625 0.19375 0.228125
0 0.6875 0.875 0.196875 0.23984375
0 0.5484375 0.6265625 0.1640625 0.20859375
0 0.1578125 0.1640625 0.165625 0.22890625
0 0.0625 0.07109375 0.125 0.14140625
0 0.421875 0.08046875 0.15859375 0.15859375
0 0.409375 0.2578125 0.1203125 0.2
0 0.4046875 0.47734375 0.17421875 0.21953125
0 0.11328125 0.578125 0.15859375 0.20390625
0 0.0546875 0.90234375 0.109375 0.1875
0 0.38046875 0.684375 0.1390625 0.20546875
0 0.2671875 0.3359375 0.17109375 0.21796875
0 0.81171875 0.18046875 0.184375 0.18203125
0 0.60078125 0.1421875 0.21015625 0.28359375
0 0.56328125 0.3953125 0.15390625 0.20625
2 0.346875 0.8703125 0.06484375 0.08125
0 0.1453125 0.9296875 0.153125 0.1328125
0 0.4921875 0.94453125 0.16640625 0.1109375
0 0.96640625 0.034375 0.0671875 0.06875
0 0.97109375 0.20390625 0.0578125 0.1984375
0 0.02578125 0.22578125 0.0515625 0.19375
1 0.7546875 0.503125 0.24921875 0.53046875
0 0.32734375 0.946875 0.15234375 0.10625
0 0.0328125 0.44921875 0.0640625 0.17421875
0 0.97578125 0.47265625 0.0484375 0.20390625