0 0.73671875 0.05546875 0.1890625 0.11015625
0 0.20078125 0.096875 0.1890625 0.19375
0 0.93515625 0.90546875 0.1296875 0.1828125
0 0.103125 0.484375 0.1890625 0.20546875
0 0.90625 0.18203125 0.18125 0.221875
0 0.509375 0.2515625 0.190625 0.2078125
0 0.3421875 0.24453125 0.175 0.21015625
0 0.5328125 0.86953125 0.18515625 0.2140625
0 0.75703125 0.828125 0.17578125 0.27890625
0 0.378125 0.065625 0.178125 0.13125
0 0.5953125 0.09140625 0.203125 0.1828125
0 0.9296875 0.47890625 0.140625 0.2171875
0 0.95078125 0.6890625 0.0984375 0.203125
0 0.24609375 0.63125 0.12578125 0.21015625
0 0.8484375 0.6359375 0.1640625 0.21328125
0 0.73828125 0.23515625 0.14375 0.2140625
0 0.328125 0.878125 0.2140625 0.23984375
0 0.36328125 0.4421875 0.15859375 0.225
0 0.1171875 0.27421875 0.16796875 0.24296875
2 0.196875 0.83203125 0.096875 0.15859375
1 0.5765625 0.53359375 0.265625 0.40234375