0 0.8828125 0.66953125 0.18828125 0.23359375
0 0.71953125 0.728125 0.15859375 0.2203125
0 0.8671875 0.8875 0.1765625 0.2078125
0 0.46484375 0.1328125 0.24140625 0.265625
0 0.07578125 0.903125 0.1484375 0.1875
0 0.68359375 0.41640625 0.1515625 0.27890625
0 0.21640625 0.89765625 0.12109375 0.1953125
0 0.30390625 0.17265625 0.18515625 0.17578125
0 0.44296875 0.3 0.1890625 0.2859375
0 0.0484375 0.4828125 0.096875 0.21875
0 0.13671875 0.5515625 0.125 0.16953125
0 0.8359375 0.26328125 0.190625 0.2921875
0 0.11015625 0.13984375 0.1703125 0.27890625
0 0.86484375 0.09375 0.16953125 0.178125
0 0.9625 0.12890625 0.075 0.22890625
0 0.275 0.728125 0.16953125 0.22109375
0 0.06875 0.67890625 0.1375 0.26640625
1 0.490625 0.8 0.340625 0.39921875