0 0.93515625 0.46875 0.1296875 0.20703125
0 0.40390625 0.8859375 0.14453125 0.21015625
0 0.39140625 0.24921875 0.13203125 0.2453125
0 0.171875 0.36640625 0.16875 0.209375
0 0.23359375 0.11796875 0.1828125 0.2359375
0 0.1328125 0.74453125 0.178125 0.1796875
0 0.071875 0.165625 0.1421875 0.18671875
0 0.0609375 0.915625 0.121875 0.1625
0 0.96171875 0.82109375 0.0765625 0.2375
0 0.775 0.721875 0.14609375 0.3546875
0 0.65 0.0984375 0.2203125 0.19609375
0 0.4046875 0.06328125 0.234375 0.1265625
0 0.865625 0.10859375 0.15859375 0.2109375
0 0.459375 0.703125 0.215625 0.31328125
0 0.7828125 0.80546875 0.13125 0.19140625
0 0.7578125 0.09140625 0.1359375 0.175
1 0.55546875 0.44375 0.11953125 0.29453125
1 0.665625 0.30390625 0.28359375 0.12578125
1 0.65703125 0.48203125 0.08359375 0.20390625
0 0.32421875 0.53984375 0.10546875 0.27265625
0 0.221875 0.5921875 0.1296875 0.21015625
0 0.0828125 0.521875 0.14375 0.4578125
0 0.18671875 0.93359375 0.12109375 0.09609375