0 0.9 0.6953125 0.146875 0.215625
0 0.4125 0.859375 0.16484375 0.22890625
0 0.69453125 0.9 0.16484375 0.18828125
0 0.94296875 0.509375 0.1140625 0.165625
0 0.84140625 0.05390625 0.23359375 0.1078125
0 0.50546875 0.53046875 0.16484375 0.17890625
0 0.93515625 0.3125 0.1296875 0.21796875
0 0.24765625 0.56015625 0.175 0.21484375
0 0.2234375 0.934375 0.1609375 0.13125
0 0.88203125 0.91015625 0.16953125 0.1796875
0 0.7484375 0.6921875 0.13359375 0.17578125
0 0.67578125 0.14453125 0.18984375 0.2765625
0 0.81484375 0.5234375 0.14296875 0.18359375
0 0.45859375 0.090625 0.14453125 0.17578125
0 0.52421875 0.28515625 0.1515625 0.21640625
0 0.7796875 0.35625 0.12890625 0.18359375
0 0.61328125 0.63359375 0.16875 0.27890625
0 0.08984375 0.82421875 0.17421875 0.20390625
0 0.65 0.33515625 0.15859375 0.25390625
0 0.0328125 0.36796875 0.065625 0.2359375
0 0.09140625 0.596875 0.1609375 0.20859375
1 0.2890625 0.25546875 0.27421875 0.3453125
0 0.10546875 0.1953125 0.11953125 0.271875