0 0.94609375 0.45 0.1078125 0.2
0 0.56875 0.13828125 0.17109375 0.20703125
0 0.29140625 0.196875 0.2109375 0.18984375
0 0.5875 0.46171875 0.13828125 0.19296875
0 0.36171875 0.834375 0.2421875 0.31875
0 0.528125 0.8796875 0.20390625 0.22734375
0 0.946875 0.27734375 0.10625 0.2171875
0 0.796875 0.14765625 0.1765625 0.2828125
0 0.0484375 0.540625 0.096875 0.2484375
2 0.39453125 0.134375 0.03984375 0.04375
0 0.69296875 0.5515625 0.140625 0.19921875
1 0.309375 0.46875 0.20078125 0.275
1 0.17265625 0.16484375 0.22890625 0.24375