0 0.0703125 0.0296875 0.134375 0.05625
0 0.19296875 0.01875 0.2390625 0.0375
2 0.2953125 0.05703125 0.0890625 0.0546875
0 0.1546875 0.21640625 0.2234375 0.23671875
0 0.0625 0.32578125 0.09609375 0.1984375
0 0.31640625 0.20390625 0.159375 0.19765625
0 0.38203125 0.3890625 0.240625 0.1375
0 0.43671875 0.4953125 0.14921875 0.109375
0 0.5171875 0.21171875 0.17421875 0.3859375
0 0.60703125 0.1296875 0.14375 0.15703125
0 0.68984375 0.321875 0.21796875 0.25859375
0 0.77109375 0.53203125 0.19375 0.23671875
0 0.6046875 0.61015625 0.10390625 0.20390625
0 0.38046875 0.690625 0.11875 0.17734375
0 0.10234375 0.83671875 0.15703125 0.16328125
0 0.21796875 0.82109375 0.14375 0.228125
0 0.27578125 0.95234375 0.2296875 0.09453125
0 0.4890625 0.8703125 0.2203125 0.14609375
0 0.7046875 0.88828125 0.15390625 0.12578125
0 0.790625 0.81328125 0.171875 0.09765625
0 0.884375 0.74140625 0.21171875 0.1359375
0 0.93046875 0.60234375 0.11640625 0.1703125
1 0.8875 0.20859375 0.22421875 0.25546875