0 0.8546875 0.5265625 0.1875 0.23203125
0 0.896875 0.12109375 0.16015625 0.2328125
0 0.25078125 0.434375 0.16875 0.234375
0 0.890625 0.90625 0.1453125 0.178125
0 0.76171875 0.67890625 0.16640625 0.2390625
0 0.18125 0.86875 0.1390625 0.15234375
0 0.915625 0.72890625 0.15625 0.203125
0 0.7578125 0.9015625 0.14765625 0.18671875
2 0.15 0.46796875 0.06015625 0.078125
0 0.7046875 0.13515625 0.1828125 0.2703125
0 0.26875 0.92890625 0.1546875 0.1359375
0 0.12109375 0.1578125 0.16953125 0.31171875
0 0.6546875 0.48125 0.16875 0.24296875
2 0.0359375 0.80546875 0.06015625 0.08203125
0 0.47734375 0.590625 0.178125 0.3296875
0 0.5265625 0.88359375 0.1890625 0.21328125
0 0.0359375 0.2609375 0.071875 0.21875
0 0.2609375 0.17265625 0.13203125 0.2515625
0 0.6 0.8 0.125 0.22734375
1 0.4546875 0.14375 0.328125 0.2875
0 0.08203125 0.9359375 0.1546875 0.128125