0 0.6578125 0.37265625 0.19609375 0.23515625
0 0.7796875 0.52265625 0.128125 0.20078125
0 0.31875 0.08828125 0.1703125 0.1703125
0 0.94453125 0.86953125 0.1109375 0.1953125
0 0.1484375 0.284375 0.165625 0.18984375
0 0.23046875 0.9296875 0.15390625 0.13515625
0 0.0765625 0.1109375 0.153125 0.20703125
0 0.78984375 0.18515625 0.178125 0.2234375
0 0.17109375 0.80390625 0.1453125 0.2078125
0 0.0734375 0.65625 0.146875 0.309375
0 0.471875 0.365625 0.1859375 0.34453125
0 0.284375 0.4953125 0.1515625 0.184375
0 0.84453125 0.95 0.2046875 0.09921875
0 0.0828125 0.81953125 0.165625 0.26015625
0 0.38125 0.540625 0.15546875 0.2421875
0 0.94375 0.2765625 0.1125 0.196875
0 0.86953125 0.75859375 0.19375 0.3046875
0 0.28984375 0.22421875 0.1796875 0.18359375
0 0.89609375 0.4703125 0.1890625 0.31640625
0 0.9140625 0.08046875 0.159375 0.16015625
1 0.49296875 0.80078125 0.35859375 0.3984375
0 0.04609375 0.42890625 0.08984375 0.2296875