0 0.72578125 0.37734375 0.17734375 0.21640625
0 0.890625 0.36640625 0.16796875 0.19296875
0 0.8203125 0.1015625 0.14609375 0.203125
0 0.3125 0.18359375 0.1875 0.20859375
0 0.81171875 0.6078125 0.17265625 0.23046875
0 0.7375 0.78203125 0.1625 0.28125
0 0.93125 0.14609375 0.128125 0.28203125
0 0.396875 0.6859375 0.1625 0.20234375
0 0.1359375 0.24375 0.12890625 0.2515625
0 0.89609375 0.778125 0.1984375 0.24765625
0 0.153125 0.71640625 0.2359375 0.253125
0 0.30234375 0.8703125 0.2046875 0.24921875
0 0.5453125 0.70859375 0.165625 0.22421875
0 0.209375 0.4796875 0.1484375 0.1890625
0 0.33203125 0.0609375 0.1765625 0.121875
0 0.04453125 0.5140625 0.0875 0.2265625
0 0.903125 0.95625 0.16171875 0.08671875
0 0.31796875 0.459375 0.17578125 0.20859375
1 0.58359375 0.17578125 0.31640625 0.3140625
0 0.03046875 0.08203125 0.0609375 0.1640625