0 0.4375 0.36328125 0.15390625 0.2484375
0 0.81796875 0.553125 0.121875 0.159375
0 0.43671875 0.8546875 0.16640625 0.1953125
0 0.64453125 0.478125 0.1625 0.190625
0 0.88828125 0.6953125 0.1609375 0.1890625
0 0.29453125 0.06328125 0.1515625 0.1265625
0 0.1125 0.25625 0.14765625 0.21171875
0 0.728125 0.15859375 0.1390625 0.18515625
0 0.53828125 0.06796875 0.1734375 0.13515625
0 0.6 0.88359375 0.14375 0.2
0 0.271875 0.24375 0.14140625 0.1765625
0 0.4328125 0.57890625 0.1421875 0.19140625
0 0.67578125 0.6828125 0.16796875 0.19296875
0 0.4203125 0.14609375 0.1515625 0.20703125
0 0.5875 0.26640625 0.13515625 0.23671875
0 0.93046875 0.21015625 0.1390625 0.2421875
0 0.93125 0.946875 0.134375 0.10625
0 0.04375 0.41796875 0.08671875 0.19609375
0 0.178125 0.91640625 0.15859375 0.1609375
0 0.2796875 0.92578125 0.13203125 0.14765625
2 0.871875 0.028125 0.0671875 0.05546875
1 0.1578125 0.65390625 0.303125 0.43515625
0 0.0328125 0.1640625 0.065625 0.17109375
0 0.053125 0.8921875 0.0109375 0.07265625