0 0.7515625 0.33359375 0.15546875 0.209375
0 0.53046875 0.12421875 0.2265625 0.2484375
0 0.153125 0.1359375 0.1515625 0.265625
0 0.88203125 0.79296875 0.165625 0.2484375
0 0.0984375 0.91875 0.1578125 0.15625
0 0.1328125 0.79921875 0.12734375 0.16953125
0 0.76015625 0.13984375 0.209375 0.26328125
0 0.33515625 0.06796875 0.1765625 0.1359375
0 0.690625 0.8671875 0.14921875 0.215625
0 0.51953125 0.62421875 0.1890625 0.34765625
0 0.61640625 0.9296875 0.146875 0.134375
0 0.3375 0.9078125 0.1765625 0.17578125
0 0.56328125 0.825 0.1671875 0.16328125
0 0.34453125 0.5375 0.16328125 0.1953125