0 0.7484375 0.7515625 0.1765625 0.196875
0 0.9046875 0.50390625 0.18125 0.20859375
0 0.390625 0.80234375 0.16328125 0.2015625
0 0.18203125 0.1171875 0.14375 0.20234375
0 0.903125 0.3296875 0.1625 0.2109375
0 0.53671875 0.321875 0.20390625 0.178125
0 0.55390625 0.640625 0.1609375 0.21484375
0 0.33515625 0.32265625 0.16875 0.24140625
0 0.46328125 0.14921875 0.15703125 0.18828125
0 0.21953125 0.63515625 0.2171875 0.28203125
0 0.67890625 0.06015625 0.1578125 0.1203125
0 0.5734375 0.896875 0.1875 0.2
0 0.05625 0.87578125 0.11171875 0.16796875
0 0.29765625 0.1625 0.13828125 0.20390625
0 0.70546875 0.4890625 0.178125 0.33125
2 0.83515625 0.8859375 0.065625 0.08671875
2 0.9796875 0.6515625 0.03984375 0.065625
0 0.95859375 0.80703125 0.08203125 0.1984375
1 0.11796875 0.3984375 0.23515625 0.428125
0 0.359375 0.59453125 0.1609375 0.1734375
2 0.03984375 0.0765625 0.05234375 0.09609375
0 0.0421875 0.6375 0.06640625 0.140625
0 0.95625 0.13203125 0.0875 0.2171875
0 0.84921875 0.9640625 0.19765625 0.071875
0 0.2640625 0.97109375 0.1296875 0.0578125
0 0.35546875 0.0515625 0.1578125 0.09453125
0 0.53671875 0.046875 0.1140625 0.09375