0 0.21328125 0.221875 0.178125 0.24375
0 0.93125 0.9 0.1375 0.19921875
0 0.478125 0.1 0.17265625 0.2
0 0.1390625 0.5265625 0.16640625 0.24296875
0 0.93984375 0.4359375 0.1203125 0.2015625
0 0.7671875 0.31640625 0.1609375 0.19453125
0 0.63359375 0.878125 0.171875 0.24375
0 0.08046875 0.87890625 0.1609375 0.2375
0 0.340625 0.58671875 0.16640625 0.23671875
0 0.14921875 0.73203125 0.1625 0.2078125
0 0.58359375 0.53515625 0.18671875 0.2984375
0 0.43203125 0.340625 0.165625 0.30546875
0 0.646875 0.23359375 0.1640625 0.325
0 0.0296875 0.315625 0.059375 0.21484375
0 0.75859375 0.0375 0.1765625 0.075
0 0.3203125 0.1 0.16875 0.2
0 0.53359375 0.7734375 0.1671875 0.33515625
0 0.2796875 0.81171875 0.1578125 0.19921875
1 0.80390625 0.66171875 0.29453125 0.4015625