0 0.5140625 0.10078125 0.2015625 0.196875
0 0.2171875 0.09375 0.16640625 0.18515625
0 0.13359375 0.92109375 0.16484375 0.15234375
0 0.8609375 0.15625 0.153125 0.18828125
0 0.1390625 0.2140625 0.16640625 0.2078125
0 0.68828125 0.83515625 0.178125 0.22734375
0 0.48125 0.8578125 0.20234375 0.2796875
0 0.77265625 0.24453125 0.153125 0.2125
0 0.8703125 0.63515625 0.15703125 0.21015625
0 0.2328125 0.36640625 0.14609375 0.28359375
0 0.37890625 0.24765625 0.16875 0.234375
0 0.7125 0.59609375 0.19296875 0.22265625
0 0.53515625 0.27578125 0.19609375 0.228125
0 0.8671875 0.41796875 0.159375 0.225
0 0.49453125 0.5296875 0.2171875 0.25859375
0 0.33671875 0.51796875 0.1125 0.259375
0 0.8421875 0.875 0.1890625 0.20625
1 0.12265625 0.64375 0.228125 0.38203125