0 0.83828125 0.73515625 0.146875 0.1890625
0 0.23359375 0.28984375 0.21953125 0.278125
0 0.90703125 0.875 0.171875 0.2109375
0 0.35234375 0.84453125 0.19140625 0.2046875
0 0.91875 0.0609375 0.15234375 0.121875
0 0.65234375 0.5265625 0.2140625 0.24140625
0 0.27890625 0.503125 0.2015625 0.22421875
0 0.87578125 0.959375 0.1390625 0.08125
0 0.7046875 0.76640625 0.18046875 0.21640625
0 0.47421875 0.91796875 0.18046875 0.15625
0 0.48203125 0.69921875 0.18125 0.29921875
1 0.528125 0.16171875 0.203125 0.26015625