0 0.37109375 0.23203125 0.171875 0.25546875
0 0.66875 0.325 0.17421875 0.234375
0 0.94921875 0.84140625 0.1015625 0.1625
0 0.13984375 0.8859375 0.171875 0.20859375
0 0.5171875 0.46015625 0.17578125 0.1671875
0 0.40546875 0.0734375 0.165625 0.14375
0 0.096875 0.196875 0.1734375 0.2
0 0.7828125 0.83046875 0.175 0.1953125
0 0.22890625 0.06796875 0.1640625 0.13515625
0 0.0625 0.37109375 0.125 0.2046875
0 0.9359375 0.39453125 0.128125 0.1765625
2 0.46875 0.87421875 0.07109375 0.08515625
0 0.6734375 0.09140625 0.15703125 0.1765625
0 0.590625 0.690625 0.17578125 0.2953125
0 0.33515625 0.80234375 0.16328125 0.17578125
0 0.08359375 0.68046875 0.14609375 0.18515625
0 0.971875 0.11171875 0.05625 0.22265625
1 0.24609375 0.49921875 0.28828125 0.36875
2 0.87578125 0.5390625 0.0671875 0.12265625