1 0.75 0.10703125 0.29609375 0.20546875
0 0.36875 0.125 0.13359375 0.203125
0 0.259375 0.43515625 0.125 0.19375
0 0.54765625 0.5359375 0.13828125 0.22890625
0 0.45859375 0.42890625 0.1015625 0.165625
0 0.5375 0.28125 0.08359375 0.21640625
0 0.8 0.33359375 0.18359375 0.1703125
0 0.85 0.5125 0.15625 0.1546875
0 0.74765625 0.69140625 0.14296875 0.16875
0 0.80078125 0.621875 0.17421875 0.19453125
0 0.71015625 0.95 0.27109375 0.0796875
0 0.03984375 0.6890625 0.0796875 0.2359375
0 0.04765625 0.56875 0.06640625 0.07890625
0 0.10078125 0.5046875 0.12265625 0.1796875
0 0.0140625 0.33046875 0.028125 0.15234375
0 0.0796875 0.3671875 0.078125 0.1828125
0 0.15390625 0.2765625 0.12578125 0.1859375
0 0.23359375 0.24375 0.1390625 0.17890625
0 0.221875 0.85546875 0.15 0.1859375
0 0.3453125 0.84453125 0.16171875 0.23828125
0 0.4328125 0.7359375 0.165625 0.1921875
0 0.559375 0.82734375 0.16015625 0.253125
0 0.94140625 0.20703125 0.1171875 0.18828125
0 0.97109375 0.35859375 0.0578125 0.175