0 0.74921875 0.23828125 0.1765625 0.2453125
0 0.371875 0.23203125 0.19609375 0.2015625
0 0.7203125 0.5 0.20390625 0.19375
0 0.071875 0.37109375 0.14375 0.2375
0 0.60234375 0.734375 0.13828125 0.21015625
0 0.20703125 0.24921875 0.15 0.18671875
0 0.509375 0.209375 0.1578125 0.2046875
0 0.36484375 0.82578125 0.14453125 0.19609375
0 0.9546875 0.47421875 0.08984375 0.20625
0 0.56796875 0.08046875 0.159375 0.15625
0 0.91953125 0.259375 0.15390625 0.21328125
0 0.3890625 0.075 0.15625 0.15
0 0.76171875 0.6921875 0.159375 0.1953125
0 0.84375 0.946875 0.21328125 0.10625
0 0.840625 0.03671875 0.19375 0.0734375
2 0.0734375 0.640625 0.059375 0.08203125
0 0.5359375 0.95 0.1875 0.1
1 0.35859375 0.5046875 0.2625 0.4671875
0 0.065625 0.8375 0.13125 0.2546875
0 0.71171875 0.82890625 0.17265625 0.18359375
0 0.05703125 0.134375 0.10625 0.19765625
0 0.0375 0.690625 0.07265625 0.15
0 0.159375 0.596875 0.140625 0.184375