0 0.88671875 0.33125 0.19296875 0.23671875
0 0.30390625 0.11171875 0.215625 0.21875
2 0.11484375 0.39765625 0.0796875 0.10078125
0 0.85 0.09453125 0.20078125 0.1890625
0 0.86171875 0.8578125 0.15390625 0.2171875
0 0.20078125 0.73515625 0.15625 0.21875
0 0.6546875 0.08515625 0.159375 0.1703125
0 0.9359375 0.5703125 0.128125 0.228125
0 0.2609375 0.27265625 0.1671875 0.2203125
0 0.40546875 0.365625 0.14453125 0.1734375
0 0.35078125 0.7515625 0.203125 0.2421875
0 0.66015625 0.82578125 0.20859375 0.215625
0 0.56484375 0.28515625 0.2375 0.240625
0 0.4203125 0.92109375 0.1609375 0.15078125
0 0.10234375 0.13203125 0.19609375 0.26328125
2 0.14609375 0.934375 0.05 0.06640625
0 0.52578125 0.87890625 0.1484375 0.21875
0 0.21875 0.48203125 0.21953125 0.25390625
0 0.046875 0.646875 0.09375 0.246875
1 0.6515625 0.58125 0.21796875 0.340625