0 0.64296875 0.4234375 0.19453125 0.21640625
0 0.475 0.38203125 0.14375 0.1890625
0 0.475 0.19296875 0.14375 0.15625
0 0.26953125 0.16484375 0.20078125 0.15390625
0 0.08046875 0.07578125 0.1609375 0.1515625
0 0.0671875 0.3109375 0.134375 0.246875
0 0.81875 0.22578125 0.13125 0.121875
1 0.5890625 0.08984375 0.2078125 0.1796875
0 0.4015625 0.0609375 0.17109375 0.121875
0 0.26640625 0.0625 0.1625 0.1203125
0 0.9640625 0.2875 0.071875 0.21171875
0 0.653125 0.3296875 0.26640625 0.14140625
0 0.04296875 0.796875 0.08203125 0.1890625
0 0.1890625 0.78359375 0.14921875 0.21640625
0 0.22421875 0.6703125 0.1734375 0.14921875
0 0.3125 0.70234375 0.17734375 0.21953125
0 0.40703125 0.70546875 0.1375 0.20625
0 0.57109375 0.709375 0.15078125 0.15859375
0 0.51796875 0.909375 0.16328125 0.16796875
0 0.346875 0.91796875 0.1390625 0.1640625
0 0.81640625 0.47578125 0.16953125 0.1921875
0 0.90703125 0.6078125 0.15703125 0.1703125
0 0.86953125 0.93515625 0.2140625 0.1296875
0 0.96796875 0.85390625 0.0640625 0.09921875
0 0.86328125 0.3 0.14765625 0.140625
2 0.12265625 0.54453125 0.06015625 0.08046875