0 0.3890625 0.22578125 0.2078125 0.2265625
0 0.07265625 0.4859375 0.1453125 0.23125
0 0.903125 0.11171875 0.1890625 0.1953125
0 0.11953125 0.1140625 0.1625 0.21015625
0 0.70625 0.6078125 0.18046875 0.2078125
0 0.909375 0.33359375 0.1703125 0.225
0 0.25546875 0.52734375 0.1859375 0.296875
0 0.1390625 0.746875 0.18125 0.18515625
0 0.3984375 0.04765625 0.16796875 0.09453125
0 0.55078125 0.4890625 0.1796875 0.18828125
0 0.95625 0.47890625 0.0875 0.1859375
0 0.85 0.85703125 0.19140625 0.2765625
1 0.49609375 0.7734375 0.325 0.4390625
0 0.0328125 0.903125 0.065625 0.190625