0 0.16328125 0.1640625 0.19375 0.2234375
0 0.8328125 0.71640625 0.1515625 0.225
0 0.33984375 0.4765625 0.1578125 0.20390625
0 0.06875 0.49140625 0.1375 0.2625
0 0.85703125 0.16875 0.2140625 0.25625
0 0.9125 0.3890625 0.159375 0.2234375
0 0.93984375 0.825 0.11953125 0.24453125
0 0.23359375 0.53125 0.1515625 0.19765625
0 0.78046875 0.90390625 0.165625 0.1921875
0 0.45 0.290625 0.18828125 0.246875
0 0.70625 0.5265625 0.17421875 0.271875
0 0.575 0.31171875 0.1515625 0.2296875
0 0.0546875 0.90625 0.109375 0.175
0 0.771875 0.34765625 0.1625 0.20234375
0 0.1421875 0.3578125 0.15 0.2171875
0 0.30546875 0.028125 0.1625 0.05625
0 0.7515625 0.03671875 0.184375 0.07265625
1 0.353125 0.80234375 0.3421875 0.37578125