0 0.21640625 0.47734375 0.16015625 0.228125
0 0.475 0.5703125 0.17734375 0.19453125
0 0.3296875 0.7015625 0.15625 0.22421875
0 0.93046875 0.91015625 0.13828125 0.17265625
0 0.9171875 0.13515625 0.159375 0.20234375
0 0.09609375 0.31875 0.1796875 0.21171875
0 0.19609375 0.93046875 0.128125 0.13359375
0 0.70390625 0.07265625 0.178125 0.14453125
0 0.41953125 0.1265625 0.16796875 0.23671875
0 0.7359375 0.32265625 0.1765625 0.28671875
0 0.509375 0.7234375 0.1734375 0.18515625
0 0.06953125 0.63203125 0.13125 0.19453125
0 0.0546875 0.10546875 0.109375 0.21015625
0 0.5921875 0.83046875 0.13828125 0.14765625
0 0.3140625 0.1125 0.15390625 0.21171875
0 0.42578125 0.91328125 0.2 0.16484375
0 0.9640625 0.4875 0.071875 0.24296875
0 0.328125 0.44609375 0.140625 0.2390625
0 0.70390625 0.94609375 0.21953125 0.10703125
0 0.97421875 0.23515625 0.0515625 0.1921875
1 0.80234375 0.6703125 0.2671875 0.4125