0 0.63984375 0.91015625 0.1640625 0.1703125
0 0.8859375 0.24296875 0.16953125 0.2828125
0 0.24296875 0.17578125 0.12578125 0.21640625
0 0.76171875 0.7125 0.1765625 0.2921875
1 0.278125 0.48671875 0.2859375 0.4453125
0 0.13125 0.7828125 0.1671875 0.2171875
0 0.35625 0.1296875 0.178125 0.2125
0 0.66875 0.215625 0.16015625 0.22265625
0 0.51796875 0.04609375 0.17890625 0.0921875
0 0.06640625 0.953125 0.1328125 0.09375
0 0.296875 0.84296875 0.20078125 0.2875
0 0.68359375 0.48203125 0.16796875 0.334375
0 0.95390625 0.68984375 0.0921875 0.225
0 0.91875 0.08359375 0.153125 0.1625
0 0.059375 0.46484375 0.11875 0.2421875
0 0.94296875 0.90859375 0.1140625 0.1765625
0 0.5328125 0.25546875 0.14609375 0.20625
2 0.56953125 0.6828125 0.05390625 0.07578125
2 0.13671875 0.234375 0.0640625 0.07890625
2 0.50546875 0.8078125 0.05 0.0734375
0 0.44453125 0.95078125 0.2046875 0.0984375