0 0.271875 0.10625 0.20625 0.2125
0 0.084375 0.1171875 0.159375 0.234375
0 0.15234375 0.3625 0.1828125 0.23359375
0 0.690625 0.88984375 0.1828125 0.21015625
0 0.33359375 0.45078125 0.1671875 0.31015625
0 0.9390625 0.4171875 0.12109375 0.2671875
1 0.73984375 0.36328125 0.2109375 0.29296875
2 0.80703125 0.65546875 0.0625 0.09296875
1 0.51328125 0.690625 0.1703125 0.178125
0 0.14609375 0.8953125 0.1625 0.175
0 0.465625 0.1453125 0.15625 0.18984375
0 0.50625 0.15703125 0.1328125 0.11484375
0 0.37578125 0.234375 0.16796875 0.14765625
0 0.08203125 0.80703125 0.1640625 0.1515625
0 0.51640625 0.9328125 0.22734375 0.134375
2 0.8765625 0.1625 0.04140625 0.06796875