0 0.8125 0.090625 0.165625 0.18125
0 0.8921875 0.50625 0.16171875 0.20390625
0 0.29921875 0.4640625 0.14921875 0.1984375
0 0.56015625 0.0703125 0.14921875 0.13984375
0 0.059375 0.090625 0.11875 0.175
0 0.22109375 0.07734375 0.1796875 0.15234375
0 0.28671875 0.6609375 0.159375 0.19453125
0 0.39140625 0.84765625 0.146875 0.21953125
0 0.4203125 0.2078125 0.15859375 0.19453125
0 0.69921875 0.23671875 0.14296875 0.25625
0 0.48671875 0.30703125 0.20234375 0.18671875
0 0.409375 0.084375 0.1140625 0.159375
0 0.95859375 0.11015625 0.0828125 0.2203125
0 0.7734375 0.83671875 0.14921875 0.2140625
0 0.23046875 0.87890625 0.1640625 0.24140625
0 0.88515625 0.2984375 0.16484375 0.28828125
0 0.61875 0.83984375 0.15546875 0.21875
0 0.96953125 0.72734375 0.0609375 0.24140625
2 0.31328125 0.3140625 0.053125 0.0625
1 0.46171875 0.603125 0.23984375 0.4609375
0 0.04921875 0.37734375 0.090625 0.28671875
0 0.10546875 0.73125 0.1921875 0.38828125