0 0.878125 0.28984375 0.1671875 0.246875
0 0.10703125 0.2140625 0.1765625 0.2015625
0 0.8671875 0.78203125 0.165625 0.221875
0 0.371875 0.0828125 0.1765625 0.1640625
0 0.3140625 0.81875 0.2140625 0.26328125
0 0.67890625 0.37578125 0.18125 0.23046875
0 0.53984375 0.15234375 0.146875 0.21484375
0 0.709375 0.878125 0.15703125 0.22421875
0 0.0921875 0.4078125 0.18203125 0.2890625
0 0.7265625 0.06484375 0.159375 0.1296875
0 0.17890625 0.0515625 0.184375 0.103125
0 0.925 0.56484375 0.14140625 0.21640625
0 0.5140625 0.68828125 0.20078125 0.234375
0 0.5375 0.86875 0.1703125 0.20390625
0 0.2703125 0.60078125 0.171875 0.19921875
2 0.0453125 0.075 0.08125 0.1125
1 0.4125 0.36875 0.3171875 0.4046875