0 0.59140625 0.30546875 0.165625 0.24453125
0 0.10390625 0.7625 0.1375 0.17890625
0 0.6671875 0.8484375 0.2078125 0.2421875
0 0.24296875 0.70625 0.165625 0.3015625
0 0.90859375 0.709375 0.1734375 0.25546875
0 0.4359375 0.0625 0.18359375 0.12421875
0 0.084375 0.24453125 0.16875 0.23515625
0 0.10546875 0.93125 0.159375 0.13203125
0 0.0609375 0.11328125 0.121875 0.18515625
0 0.7828125 0.26171875 0.15 0.2265625
0 0.66875 0.128125 0.18671875 0.24296875
0 0.26015625 0.040625 0.1890625 0.08125
0 0.71171875 0.43203125 0.1765625 0.22890625
2 0.38359375 0.45 0.05390625 0.08203125
0 0.26328125 0.34140625 0.15546875 0.20703125
0 0.10234375 0.56171875 0.16875 0.31015625
1 0.4328125 0.69765625 0.2328125 0.36640625
0 0.2359375 0.1875 0.1578125 0.20234375