0 0.65078125 0.81875 0.14765625 0.18203125
0 0.94375 0.6359375 0.1125 0.19375
0 0.10546875 0.115625 0.1765625 0.228125
0 0.16640625 0.25390625 0.159375 0.30703125
0 0.06875 0.41796875 0.125 0.1765625
0 0.1125 0.74765625 0.15 0.23828125
1 0.41875 0.2375 0.26796875 0.3984375
0 0.565625 0.7375 0.153125 0.20078125
2 0.46328125 0.59140625 0.05859375 0.08046875
0 0.353125 0.53828125 0.16015625 0.24765625
0 0.8203125 0.11953125 0.1671875 0.209375
0 0.64296875 0.109375 0.2140625 0.21875
0 0.5796875 0.4265625 0.14453125 0.22890625
0 0.6359375 0.61328125 0.16796875 0.22421875
1 0.28203125 0.8546875 0.2703125 0.290625
0 0.0734375 0.58984375 0.13515625 0.1703125
0 0.821875 0.72421875 0.14140625 0.48046875
0 0.83125 0.31796875 0.3375 0.16875
0 0.9640625 0.4734375 0.071875 0.17734375
0 0.9609375 0.89296875 0.078125 0.2140625