0 0.540625 0.29765625 0.17734375 0.2203125
0 0.5171875 0.6578125 0.18359375 0.196875
0 0.57421875 0.4859375 0.1390625 0.21171875
0 0.18046875 0.0890625 0.1703125 0.178125
0 0.80625 0.08671875 0.1328125 0.16953125
0 0.71953125 0.128125 0.159375 0.21171875
0 0.39765625 0.2328125 0.15703125 0.22421875
0 0.8796875 0.359375 0.15703125 0.21796875
0 0.95234375 0.85078125 0.0953125 0.18984375
0 0.5953125 0.85859375 0.14375 0.18125
0 0.909375 0.0828125 0.16796875 0.16015625
0 0.49921875 0.08515625 0.1609375 0.16484375
0 0.825 0.62109375 0.1828125 0.2328125
0 0.1296875 0.3359375 0.15390625 0.21640625
0 0.2625 0.20703125 0.1765625 0.19296875
0 0.834375 0.87890625 0.15234375 0.209375
0 0.0515625 0.5359375 0.103125 0.209375
0 0.42421875 0.92578125 0.16171875 0.1484375
0 0.040625 0.1828125 0.08046875 0.209375
1 0.28125 0.53203125 0.303125 0.478125
0 0.3234375 0.08359375 0.190625 0.16328125
0 0.284375 0.86796875 0.1609375 0.2171875
0 0.06796875 0.8875 0.1359375 0.215625
2 0.04375 0.71328125 0.06484375 0.0671875