0 0.0828125 0.115625 0.1484375 0.221875
0 0.04921875 0.30390625 0.09765625 0.2515625
0 0.30078125 0.0671875 0.2671875 0.125
0 0.0890625 0.46875 0.11875 0.1640625
0 0.234375 0.59609375 0.23203125 0.18671875
0 0.57578125 0.2234375 0.178125 0.1265625
0 0.6453125 0.13515625 0.21640625 0.15
0 0.70625 0.19296875 0.165625 0.34921875
0 0.61171875 0.44921875 0.159375 0.2578125
0 0.66953125 0.6890625 0.165625 0.19453125
0 0.89765625 0.1421875 0.19453125 0.23828125
0 0.87421875 0.321875 0.14375 0.2828125
0 0.9265625 0.5046875 0.1375 0.41015625
0 0.11171875 0.78984375 0.21171875 0.20859375
0 0.225 0.85078125 0.1984375 0.2984375
0 0.3984375 0.88046875 0.134375 0.23828125
1 0.24609375 0.32578125 0.19921875 0.2484375
1 0.89375 0.84375 0.2125 0.3125
2 0.30078125 0.20078125 0.06796875 0.07421875