0 0.6296875 0.065625 0.196875 0.13125
0 0.89609375 0.0890625 0.1765625 0.178125
0 0.6578125 0.23671875 0.21171875 0.22890625
0 0.73359375 0.66640625 0.1875 0.19765625
0 0.46953125 0.2953125 0.1796875 0.25390625
0 0.31328125 0.29765625 0.196875 0.2234375
0 0.42890625 0.8375 0.17890625 0.25859375
0 0.51796875 0.65234375 0.1765625 0.22890625
0 0.0625 0.11796875 0.125 0.23515625
0 0.08359375 0.29375 0.1671875 0.23515625
0 0.065625 0.81953125 0.13125 0.2953125
0 0.6859375 0.48359375 0.175 0.2203125
0 0.9171875 0.72734375 0.16171875 0.24765625
0 0.79921875 0.865625 0.21484375 0.225
0 0.79765625 0.3484375 0.12734375 0.19765625
0 0.29609375 0.09375 0.2515625 0.1875
0 0.971875 0.44453125 0.05625 0.21484375
1 0.209375 0.565625 0.32265625 0.2609375
0 0.68125 0.94296875 0.16875 0.11328125