0 0.82109375 0.39609375 0.184375 0.23671875
0 0.3328125 0.62265625 0.14296875 0.24921875
0 0.2609375 0.5328125 0.14609375 0.196875
0 0.15859375 0.39765625 0.146875 0.190625
0 0.08203125 0.2796875 0.16015625 0.18515625
0 0.2984375 0.0859375 0.15625 0.171875
0 0.76484375 0.1640625 0.16640625 0.21875
0 0.56015625 0.1765625 0.19296875 0.1859375
0 0.9234375 0.19140625 0.14609375 0.18203125
0 0.2328125 0.94453125 0.15 0.1109375
0 0.3640625 0.23984375 0.20390625 0.25234375
0 0.459375 0.1 0.175 0.18359375
0 0.10703125 0.8015625 0.1875 0.30703125
0 0.78359375 0.765625 0.1421875 0.1921875
0 0.83125 0.07421875 0.1734375 0.14765625
1 0.546875 0.69609375 0.21796875 0.471875
0 0.91640625 0.871875 0.1625 0.253125