0 0.39453125 0.1671875 0.14921875 0.240625
0 0.0625 0.06640625 0.125 0.1328125
0 0.2421875 0.09765625 0.171875 0.1953125
0 0.84765625 0.62578125 0.16328125 0.19296875
0 0.58671875 0.88125 0.17109375 0.21796875
0 0.69453125 0.1125 0.1640625 0.2140625
0 0.55390625 0.21640625 0.153125 0.2375
0 0.26484375 0.4140625 0.11796875 0.18359375
0 0.79296875 0.328125 0.159375 0.221875
0 0.2171875 0.2703125 0.17578125 0.22578125
0 0.940625 0.7828125 0.11875 0.196875
0 0.92734375 0.46015625 0.1375 0.2234375
0 0.35 0.7671875 0.2 0.2578125
0 0.50078125 0.0453125 0.1578125 0.090625
0 0.15078125 0.76953125 0.1796875 0.203125
0 0.12109375 0.240625 0.1359375 0.18046875
0 0.05078125 0.88828125 0.10078125 0.19375
0 0.05703125 0.434375 0.1140625 0.21484375
0 0.4359375 0.95078125 0.140625 0.0984375
0 0.9734375 0.07890625 0.053125 0.1578125
0 0.2171875 0.85859375 0.14765625 0.2375
2 0.47421875 0.884375 0.05546875 0.07578125
1 0.4546875 0.5390625 0.27734375 0.3890625