0 0.89140625 0.18359375 0.1578125 0.21484375
0 0.1421875 0.565625 0.16953125 0.19765625
0 0.71953125 0.5828125 0.17109375 0.18671875
0 0.365625 0.1703125 0.16015625 0.19453125
0 0.284375 0.08203125 0.1703125 0.1640625
0 0.83125 0.49375 0.15 0.19453125
0 0.38984375 0.92890625 0.16875 0.13671875
0 0.28671875 0.9390625 0.1640625 0.121875
0 0.89296875 0.64296875 0.15625 0.2078125
0 0.16875 0.39609375 0.140625 0.20546875
0 0.940625 0.02734375 0.11875 0.05390625
0 0.3953125 0.67265625 0.15546875 0.19453125
0 0.61015625 0.890625 0.2234375 0.2078125
0 0.96328125 0.3890625 0.0734375 0.25625
0 0.09296875 0.11171875 0.175 0.22265625
0 0.8484375 0.84375 0.14375 0.19765625
0 0.40078125 0.5875 0.159375 0.37109375
0 0.428125 0.50390625 0.1796875 0.2796875
0 0.05078125 0.77734375 0.1 0.22890625
0 0.04921875 0.26796875 0.0984375 0.1671875
0 0.55546875 0.72265625 0.14375 0.18125
0 0.396875 0.046875 0.165625 0.09375
0 0.27265625 0.62890625 0.1359375 0.184375
1 0.6515625 0.31015625 0.35390625 0.465625
0 0.984375 0.8796875 0.03125 0.2375