0 0.3765625 0.10546875 0.1765625 0.2109375
0 0.79765625 0.52890625 0.17578125 0.22578125
0 0.50546875 0.83046875 0.1578125 0.2171875
0 0.7671875 0.9203125 0.15625 0.159375
0 0.32734375 0.54609375 0.15859375 0.21796875
0 0.12734375 0.0734375 0.1796875 0.146875
0 0.3765625 0.328125 0.153125 0.2171875
1 0.65078125 0.23203125 0.2953125 0.42578125
0 0.49765625 0.50546875 0.14765625 0.21328125
0 0.89375 0.3328125 0.146875 0.20703125
0 0.8578125 0.7515625 0.13828125 0.2234375
0 0.23515625 0.7 0.16796875 0.2234375
0 0.08671875 0.9484375 0.15859375 0.096875
0 0.08203125 0.75859375 0.1578125 0.24375
0 0.31640625 0.18671875 0.1609375 0.17109375
0 0.62734375 0.82109375 0.18046875 0.21640625
0 0.621875 0.59453125 0.15703125 0.19765625
0 0.340625 0.8453125 0.17578125 0.259375
0 0.95625 0.5140625 0.0875 0.20703125
0 0.94921875 0.7828125 0.1015625 0.2109375
2 0.23125 0.03359375 0.05625 0.06640625
0 0.16484375 0.48125 0.225 0.23671875
1 0.25625 0.68828125 0.06484375 0.09296875
0 0.02421875 0.18984375 0.0484375 0.36640625