0 0.05390625 0.09453125 0.1078125 0.1890625
0 0.2890625 0.11796875 0.3109375 0.2359375
0 0.521875 0.1171875 0.23671875 0.23359375
0 0.790625 0.18125 0.28515625 0.33984375
0 0.51171875 0.315625 0.2484375 0.225
0 0.30859375 0.384375 0.13984375 0.32421875
0 0.37890625 0.7359375 0.1640625 0.37890625
0 0.2203125 0.771875 0.134375 0.278125
0 0.27421875 0.6015625 0.0609375 0.11484375
0 0.09453125 0.8765625 0.16171875 0.203125
0 0.1734375 0.91484375 0.23828125 0.13125
0 0.940625 0.7875 0.11875 0.321875
2 0.11171875 0.23203125 0.04453125 0.06796875
1 0.7046875 0.546875 0.2359375 0.43203125
1 0.6046875 0.85234375 0.246875 0.29453125