0 0.41953125 0.0921875 0.1796875 0.184375
0 0.24375 0.109375 0.19375 0.21875
0 0.8953125 0.66484375 0.15390625 0.2015625
0 0.89296875 0.4078125 0.190625 0.24140625
0 0.43828125 0.4046875 0.165625 0.25390625
0 0.64765625 0.91484375 0.20703125 0.1640625
0 0.0265625 0.3546875 0.05234375 0.21875
0 0.08046875 0.121875 0.15234375 0.24296875
0 0.07421875 0.52578125 0.1484375 0.28125
2 0.74921875 0.21875 0.0546875 0.0796875
0 0.97109375 0.903125 0.0578125 0.18515625
0 0.8625 0.06328125 0.1921875 0.12578125
1 0.2890625 0.68203125 0.28203125 0.34765625
2 0.715625 0.08359375 0.0875 0.13125
0 0.4515625 0.95 0.1625 0.1
0 0.9609375 0.0875 0.078125 0.175
0 0.575 0.1984375 0.11171875 0.36640625
0 0.640625 0.42890625 0.2625 0.19296875
0 0.0578125 0.80546875 0.115625 0.30625
0 0.12734375 0.925 0.2546875 0.14609375
0 0.83828125 0.9328125 0.1328125 0.134375