0 0.6109375 0.8921875 0.15 0.215625
0 0.09609375 0.20859375 0.15859375 0.21484375
0 0.5953125 0.41640625 0.1953125 0.22265625
0 0.08671875 0.87578125 0.1734375 0.24609375
0 0.43671875 0.2109375 0.1796875 0.20234375
0 0.384375 0.0578125 0.18046875 0.115625
0 0.21484375 0.79140625 0.14296875 0.21328125
0 0.6046875 0.6453125 0.1421875 0.26328125
0 0.7265625 0.5578125 0.17265625 0.2484375
0 0.8875 0.03828125 0.16484375 0.07578125
0 0.334375 0.88359375 0.1546875 0.1921875
0 0.48515625 0.38671875 0.14140625 0.18515625
0 0.26015625 0.484375 0.17578125 0.215625
0 0.08125 0.45859375 0.16171875 0.24765625
0 0.778125 0.1546875 0.1484375 0.190625
0 0.6296875 0.20234375 0.228125 0.31015625
0 0.8796875 0.428125 0.159375 0.1984375
0 0.19765625 0.03671875 0.1765625 0.0734375
0 0.9671875 0.49375 0.06484375 0.23125
0 0.4703125 0.70078125 0.1609375 0.28203125
0 0.32890625 0.36953125 0.15234375 0.196875
0 0.74921875 0.9515625 0.175 0.096875
0 0.921875 0.23359375 0.15234375 0.28671875
0 0.55078125 0.034375 0.1578125 0.06875
0 0.35703125 0.67734375 0.16171875 0.21875
1 0.85546875 0.7453125 0.28203125 0.4109375
0 0.0640625 0.06171875 0.10546875 0.10703125