1 0.4140625 0.26015625 0.34140625 0.46015625
0 0.62265625 0.13984375 0.134375 0.1796875
0 0.19140625 0.27421875 0.146875 0.29140625
0 0.07578125 0.6734375 0.1421875 0.20390625
0 0.640625 0.465625 0.16953125 0.315625
0 0.090625 0.91875 0.175 0.1625
0 0.76875 0.303125 0.13203125 0.21484375
0 0.93203125 0.19921875 0.1328125 0.18203125
0 0.9515625 0.41015625 0.096875 0.2078125
0 0.759375 0.065625 0.134375 0.13125
0 0.46796875 0.525 0.1625 0.18515625
0 0.740625 0.8484375 0.15625 0.16875
0 0.50078125 0.928125 0.1609375 0.14375
0 0.221875 0.65078125 0.1578125 0.253125
0 0.35859375 0.6296875 0.15078125 0.21640625
0 0.4796875 0.66875 0.10859375 0.09140625
0 0.103125 0.40078125 0.13125 0.22578125
0 0.62578125 0.95859375 0.16796875 0.0734375
0 0.9 0.93828125 0.140625 0.12265625
0 0.803125 0.93125 0.14375 0.1375
0 0.08125 0.08671875 0.1625 0.16640625