0 0.5125 0.10078125 0.184375 0.1953125
0 0.934375 0.05625 0.13125 0.1125
0 0.15859375 0.24765625 0.175 0.215625
0 0.53515625 0.29765625 0.1484375 0.2125
0 0.7984375 0.559375 0.20078125 0.234375
0 0.94140625 0.79296875 0.1171875 0.221875
0 0.065625 0.4328125 0.13125 0.2125
0 0.24453125 0.78359375 0.19140625 0.265625
0 0.63203125 0.5375 0.190625 0.31875
0 0.33828125 0.1859375 0.2 0.35078125
0 0.29765625 0.95390625 0.16796875 0.0921875
0 0.46015625 0.75859375 0.18984375 0.22890625
0 0.5640625 0.91328125 0.18359375 0.16640625
1 0.434375 0.52734375 0.20078125 0.23984375
2 0.23515625 0.56875 0.10390625 0.11484375
2 0.10234375 0.1203125 0.0734375 0.06484375
0 0.1203125 0.93984375 0.2015625 0.1203125
0 0.9640625 0.29140625 0.071875 0.3234375
0 0.971875 0.59140625 0.05625 0.21484375
0 0.88046875 0.95703125 0.2390625 0.0859375
0 0.64609375 0.775 0.159375 0.19375