0 0.82578125 0.0890625 0.18828125 0.17265625
0 0.08125 0.79921875 0.146875 0.20703125
0 0.83125 0.396875 0.14921875 0.18984375
0 0.23984375 0.9 0.16796875 0.19453125
0 0.41796875 0.090625 0.19375 0.175
0 0.2609375 0.4734375 0.17421875 0.2125
0 0.3953125 0.40390625 0.1578125 0.20234375
0 0.09921875 0.58828125 0.140625 0.2125
0 0.2984375 0.28359375 0.153125 0.278125
0 0.0328125 0.4421875 0.065625 0.184375
0 0.34140625 0.69375 0.1640625 0.2484375
0 0.55 0.1421875 0.215625 0.275
0 0.83984375 0.8765625 0.134375 0.15546875
0 0.9625 0.7484375 0.075 0.23125
0 0.73984375 0.5453125 0.20859375 0.2625
0 0.4890625 0.87734375 0.15 0.23046875
0 0.053125 0.18359375 0.10625 0.29609375
1 0.6515625 0.65234375 0.31640625 0.4390625