0 0.8375 0.4328125 0.19140625 0.21796875
0 0.64765625 0.103125 0.1828125 0.20625
0 0.12734375 0.77421875 0.17421875 0.24296875
0 0.5734375 0.871875 0.18125 0.24765625
0 0.646875 0.31484375 0.1875 0.20078125
0 0.875 0.6328125 0.184375 0.21875
0 0.365625 0.92421875 0.15859375 0.1453125
0 0.43203125 0.28515625 0.15625 0.19609375
0 0.8140625 0.18984375 0.15390625 0.2203125
0 0.809375 0.91640625 0.16171875 0.1609375
0 0.19765625 0.946875 0.16328125 0.10625
0 0.93515625 0.17421875 0.1296875 0.246875
0 0.65546875 0.52265625 0.140625 0.2203125
0 0.0984375 0.34921875 0.1875 0.2546875
0 0.2078125 0.04765625 0.17109375 0.0953125
0 0.31484375 0.76484375 0.16015625 0.18828125
0 0.06875 0.5390625 0.12890625 0.1703125
1 0.475 0.5828125 0.2234375 0.4125