0 0.71796875 0.1 0.153125 0.19921875
0 0.59609375 0.4421875 0.16328125 0.25390625
0 0.825 0.44296875 0.16796875 0.24296875
0 0.321875 0.15078125 0.16640625 0.23046875
0 0.6984375 0.6359375 0.1609375 0.184375
0 0.4015625 0.340625 0.165625 0.2109375
0 0.5984375 0.209375 0.16796875 0.20625
0 0.15390625 0.8546875 0.1359375 0.178125
0 0.69609375 0.81953125 0.159375 0.16484375
0 0.9421875 0.05078125 0.115625 0.1015625
0 0.84140625 0.19765625 0.2 0.284375
0 0.13515625 0.540625 0.14140625 0.21796875
0 0.2328125 0.64921875 0.14921875 0.284375
0 0.909375 0.85 0.17734375 0.23046875
0 0.03515625 0.25703125 0.0703125 0.21015625
0 0.2234375 0.40546875 0.20078125 0.2140625
0 0.9703125 0.27421875 0.059375 0.184375
0 0.053125 0.71796875 0.103125 0.34765625
2 0.534375 0.034375 0.065625 0.06875
1 0.45859375 0.76953125 0.29453125 0.44453125