0 0.371875 0.08203125 0.15625 0.1640625
0 0.278125 0.903125 0.153125 0.18359375
0 0.090625 0.9265625 0.165625 0.14140625
0 0.16015625 0.68671875 0.15859375 0.20859375
1 0.365625 0.30546875 0.1890625 0.28828125
0 0.0765625 0.07578125 0.15234375 0.1515625
0 0.87265625 0.809375 0.2140625 0.38125
0 0.559375 0.45703125 0.146875 0.221875
2 0.078125 0.8046875 0.0640625 0.0890625
1 0.67109375 0.82578125 0.1109375 0.1984375
0 0.73359375 0.42578125 0.21484375 0.203125
0 0.7515625 0.6203125 0.26171875 0.175
0 0.9 0.52890625 0.1625 0.21484375
0 0.17109375 0.3796875 0.1109375 0.27734375
0 0.2484375 0.54453125 0.21484375 0.1453125
0 0.0515625 0.4703125 0.09140625 0.38203125
0 0.67890625 0.95703125 0.209375 0.0859375
2 0.88359375 0.16015625 0.0625 0.1234375