0 0.70703125 0.5828125 0.14375 0.18515625
0 0.7203125 0.8015625 0.16796875 0.23671875
0 0.253125 0.14375 0.178125 0.259375
0 0.4734375 0.82578125 0.1703125 0.225
0 0.52421875 0.0640625 0.171875 0.128125
0 0.71953125 0.30625 0.2109375 0.203125
0 0.584375 0.92421875 0.184375 0.14609375
0 0.5703125 0.6375 0.16171875 0.234375
0 0.85625 0.17734375 0.1484375 0.21640625
0 0.31640625 0.35703125 0.15546875 0.19296875
0 0.10078125 0.08984375 0.19375 0.17421875
0 0.9625 0.7125 0.075 0.2203125
0 0.7828125 0.096875 0.14921875 0.17265625
0 0.1640625 0.43359375 0.19296875 0.2921875
2 0.01328125 0.19765625 0.0265625 0.134375
0 0.40859375 0.2953125 0.1640625 0.20703125
0 0.93984375 0.0546875 0.1203125 0.109375
0 0.91640625 0.30703125 0.15703125 0.24296875
0 0.06171875 0.68359375 0.1234375 0.20546875
1 0.24609375 0.66171875 0.19921875 0.27265625
0 0.9484375 0.946875 0.103125 0.10625
0 0.05078125 0.8859375 0.0796875 0.19375