0 0.3625 0.1046875 0.15390625 0.20625
0 0.2640625 0.56796875 0.16953125 0.24375
0 0.909375 0.05 0.15625 0.1
0 0.1828125 0.08828125 0.18125 0.1765625
0 0.11484375 0.8265625 0.1734375 0.21484375
0 0.94296875 0.6875 0.1140625 0.20859375
0 0.83046875 0.92890625 0.2015625 0.13671875
0 0.1765625 0.30625 0.19140625 0.221875
0 0.4515625 0.57421875 0.190625 0.22734375
0 0.13046875 0.4375 0.14609375 0.19296875
0 0.79453125 0.56953125 0.19453125 0.3359375
0 0.97109375 0.42421875 0.0578125 0.1984375
0 0.2796875 0.871875 0.16640625 0.25546875
0 0.6234375 0.5671875 0.1609375 0.190625
0 0.7484375 0.09921875 0.1734375 0.18984375
0 0.615625 0.8 0.2453125 0.22109375
0 0.084375 0.94453125 0.1515625 0.1109375
1 0.55625 0.271875 0.29453125 0.4