0 0.83828125 0.92578125 0.146875 0.14375
0 0.3890625 0.07734375 0.1640625 0.15390625
0 0.5796875 0.125 0.153125 0.21796875
0 0.953125 0.75 0.09296875 0.20390625
0 0.61015625 0.68125 0.17890625 0.28203125
0 0.81875 0.33125 0.17109375 0.2265625
0 0.04609375 0.784375 0.09140625 0.19765625
0 0.6609375 0.92421875 0.16640625 0.1453125
0 0.1484375 0.9109375 0.1390625 0.16875
0 0.24609375 0.7296875 0.23125 0.2625
0 0.91953125 0.1046875 0.15234375 0.2015625
0 0.1484375 0.26015625 0.11484375 0.21875
0 0.43203125 0.86328125 0.15703125 0.21328125
0 0.2515625 0.24765625 0.12578125 0.159375
1 0.3828125 0.496875 0.3671875 0.5015625
0 0.053125 0.0625 0.10625 0.125
0 0.79140625 0.64921875 0.18515625 0.35234375