0 0.6578125 0.1015625 0.171875 0.19765625
0 0.1015625 0.8296875 0.165625 0.2265625
0 0.44609375 0.09609375 0.2125 0.18515625
0 0.1390625 0.4859375 0.178125 0.234375
0 0.0828125 0.0640625 0.165625 0.128125
0 0.71015625 0.3390625 0.19375 0.209375
0 0.34296875 0.46640625 0.14453125 0.19140625
0 0.8609375 0.946875 0.17578125 0.10546875
0 0.815625 0.5859375 0.1625 0.19609375
0 0.69453125 0.51796875 0.17265625 0.2546875
0 0.5109375 0.31015625 0.178125 0.22734375
0 0.11640625 0.30078125 0.1796875 0.21875
0 0.93671875 0.2296875 0.1265625 0.2125
0 0.2609375 0.71796875 0.159375 0.28203125
0 0.2734375 0.128125 0.1671875 0.25546875
0 0.83671875 0.14453125 0.1453125 0.22265625
1 0.62578125 0.82421875 0.26171875 0.35078125
2 0.153125 0.1453125 0.05703125 0.0796875
0 0.875 0.43984375 0.2 0.19296875
0 0.959375 0.4109375 0.08125 0.2375
1 0.36171875 0.9375 0.2828125 0.125