0 0.74296875 0.65625 0.15625 0.21484375
0 0.3046875 0.11015625 0.1953125 0.21328125
0 0.27265625 0.8109375 0.1734375 0.378125
0 0.61015625 0.0703125 0.18515625 0.140625
0 0.89296875 0.92421875 0.15078125 0.1453125
0 0.94140625 0.67578125 0.1171875 0.21328125
0 0.678125 0.271875 0.1828125 0.26484375
0 0.83046875 0.36640625 0.140625 0.190625
0 0.9171875 0.1578125 0.16484375 0.2234375
0 0.065625 0.10859375 0.13125 0.2171875
0 0.9546875 0.48671875 0.090625 0.20546875
0 0.35625 0.3125 0.184375 0.1984375
0 0.2296875 0.45390625 0.1546875 0.18125
0 0.19296875 0.240625 0.175 0.2234375
0 0.59296875 0.5171875 0.2265625 0.23046875
2 0.1765625 0.89296875 0.065625 0.1
0 0.05078125 0.8578125 0.1015625 0.284375
0 0.06875 0.540625 0.12890625 0.1875
0 0.52109375 0.7625 0.32265625 0.3984375