0 0.940625 0.7359375 0.11875 0.21875
0 0.215625 0.20390625 0.1296875 0.2328125
0 0.1359375 0.75390625 0.1390625 0.1890625
0 0.7859375 0.434375 0.140625 0.17734375
0 0.27578125 0.69453125 0.18359375 0.2484375
0 0.125 0.90078125 0.15 0.16328125
0 0.85546875 0.64609375 0.13359375 0.18984375
0 0.084375 0.08984375 0.15390625 0.17890625
0 0.8140625 0.82734375 0.15078125 0.19453125
0 0.9578125 0.53203125 0.08359375 0.184375
0 0.31953125 0.190625 0.15 0.1984375
0 0.8546875 0.13828125 0.184375 0.2765625
1 0.51015625 0.3078125 0.284375 0.4234375
0 0.30625 0.0375 0.15859375 0.07421875
0 0.9625 0.18125 0.075 0.1734375
0 0.42578125 0.940625 0.15 0.11796875
0 0.05234375 0.303125 0.1046875 0.28359375
0 0.40234375 0.58046875 0.1765625 0.23359375
0 0.31328125 0.409375 0.12265625 0.221875