0 0.07578125 0.12109375 0.14921875 0.19921875
0 0.58515625 0.60703125 0.1875 0.22890625
0 0.80390625 0.134375 0.20625 0.2640625
0 0.35703125 0.83828125 0.18046875 0.2328125
0 0.88125 0.8875 0.14140625 0.165625
0 0.47265625 0.090625 0.2125 0.18046875
0 0.49609375 0.91015625 0.1765625 0.1765625
0 0.884375 0.503125 0.1765625 0.23515625
0 0.34140625 0.2640625 0.16796875 0.2125
0 0.05546875 0.72421875 0.1109375 0.19921875
0 0.16796875 0.87421875 0.1671875 0.24140625
0 0.9390625 0.128125 0.12109375 0.240625
0 0.29609375 0.05859375 0.1546875 0.11640625
0 0.3640625 0.578125 0.24921875 0.33671875
0 0.1765625 0.3015625 0.17421875 0.2484375
0 0.03828125 0.29765625 0.0765625 0.1890625
1 0.64140625 0.325 0.27265625 0.35703125