0 0.47578125 0.08984375 0.14453125 0.17890625
0 0.78671875 0.09609375 0.1453125 0.19140625
0 0.1125 0.63125 0.1578125 0.2140625
0 0.41953125 0.90859375 0.1578125 0.1671875
0 0.88046875 0.46484375 0.1734375 0.3140625
0 0.128125 0.27890625 0.14296875 0.20859375
0 0.49453125 0.7734375 0.19921875 0.2078125
0 0.4046875 0.18984375 0.13671875 0.16640625
0 0.95859375 0.69453125 0.0828125 0.2296875
0 0.78046875 0.92578125 0.19609375 0.14296875
0 0.2765625 0.853125 0.16484375 0.27890625
0 0.2390625 0.6625 0.17890625 0.175
1 0.4171875 0.43359375 0.22890625 0.3625
0 0.71171875 0.1734375 0.134375 0.1703125
0 0.1625 0.0953125 0.3078125 0.18828125
0 0.71484375 0.375 0.19921875 0.309375