0 0.75625 0.096875 0.1578125 0.19375
0 0.140625 0.39375 0.1515625 0.2171875
0 0.72265625 0.39765625 0.15546875 0.19296875
0 0.846875 0.221875 0.16875 0.23046875
0 0.478125 0.790625 0.14375 0.246875
0 0.51875 0.15859375 0.16171875 0.20546875
0 0.05859375 0.66015625 0.1171875 0.22109375
0 0.6453125 0.68203125 0.17109375 0.27578125
0 0.04296875 0.90625 0.0859375 0.1796875
0 0.95625 0.82265625 0.0875 0.22109375
1 0.43359375 0.46953125 0.31953125 0.4453125
0 0.6546875 0.18984375 0.16328125 0.2640625
0 0.28515625 0.87109375 0.23359375 0.246875
0 0.85078125 0.7359375 0.18203125 0.21640625
0 0.14375 0.20625 0.21171875 0.2734375
0 0.971875 0.23203125 0.05625 0.196875
0 0.7546875 0.884375 0.15234375 0.23046875