0 0.15390625 0.65078125 0.18046875 0.23203125
0 0.24765625 0.87109375 0.165625 0.25546875
0 0.31328125 0.32890625 0.16875 0.23203125
0 0.62890625 0.91875 0.15234375 0.15625
0 0.1390625 0.146875 0.16484375 0.29296875
0 0.86875 0.9 0.1578125 0.19140625
0 0.9234375 0.7421875 0.14453125 0.20546875
0 0.81328125 0.33828125 0.1921875 0.21875
0 0.9140625 0.52421875 0.16171875 0.20859375
0 0.43828125 0.0671875 0.1921875 0.13359375
0 0.58828125 0.17109375 0.1796875 0.20078125
0 0.7296875 0.7171875 0.2015625 0.259375
0 0.38125 0.72578125 0.14609375 0.2
0 0.75 0.11640625 0.21484375 0.23203125
0 0.071875 0.946875 0.14375 0.10546875
0 0.90078125 0.125 0.19296875 0.2453125
0 0.13671875 0.44453125 0.1796875 0.24765625
0 0.24296875 0.0359375 0.1734375 0.071875
0 0.03203125 0.484375 0.0640625 0.196875
1 0.55859375 0.4890625 0.31796875 0.42734375