0 0.453125 0.08046875 0.1546875 0.1609375
0 0.46484375 0.40546875 0.2046875 0.2125
0 0.6671875 0.06484375 0.2 0.12890625
2 0.6609375 0.1859375 0.05234375 0.08046875
0 0.84375 0.09609375 0.1375 0.184375
0 0.82734375 0.2703125 0.15546875 0.24921875
2 0.98125 0.8796875 0.0375 0.115625
0 0.14921875 0.03359375 0.2015625 0.0671875
0 0.15859375 0.19375 0.23828125 0.21171875
2 0.43046875 0.196875 0.046875 0.06796875
2 0.834375 0.4453125 0.05859375 0.0828125
0 0.74921875 0.87734375 0.234375 0.2359375
0 0.91484375 0.54921875 0.16171875 0.26171875
1 0.471875 0.68046875 0.18515625 0.3046875