0 0.8875 0.3765625 0.18828125 0.23828125
0 0.9125 0.084375 0.1625 0.16328125
0 0.7640625 0.128125 0.16484375 0.21875
0 0.11875 0.07578125 0.1703125 0.1515625
0 0.31484375 0.4203125 0.16171875 0.1796875
0 0.546875 0.109375 0.146875 0.21875
0 0.30078125 0.8234375 0.1609375 0.225
0 0.1953125 0.95390625 0.14921875 0.0921875
0 0.2765625 0.56953125 0.15625 0.2328125
0 0.03671875 0.5796875 0.07265625 0.20625
0 0.9203125 0.86328125 0.15 0.190625
0 0.68046875 0.91953125 0.190625 0.15390625
0 0.684375 0.5640625 0.178125 0.37421875
2 0.62734375 0.1734375 0.06015625 0.07890625
0 0.43671875 0.86015625 0.18359375 0.22734375
0 0.8703125 0.65078125 0.20546875 0.20078125
0 0.14921875 0.77109375 0.14453125 0.1953125
1 0.4671875 0.60234375 0.25 0.24921875
2 0.55390625 0.359375 0.03984375 0.05390625
2 0.49921875 0.4234375 0.03828125 0.04609375