0 0.1390625 0.09140625 0.19921875 0.1765625
0 0.9375 0.63828125 0.12421875 0.184375
0 0.93046875 0.45859375 0.1328125 0.175
0 0.7375 0.346875 0.1703125 0.2125
0 0.94765625 0.815625 0.1046875 0.196875
0 0.484375 0.90625 0.20546875 0.18046875
2 0.8234375 0.48984375 0.05703125 0.08203125
0 0.03984375 0.825 0.0796875 0.184375
0 0.91953125 0.953125 0.1484375 0.09375
0 0.328125 0.89375 0.15390625 0.209375
0 0.4421875 0.67421875 0.2234375 0.23984375
0 0.5953125 0.04375 0.21171875 0.08671875
0 0.8078125 0.053125 0.20625 0.10625
0 0.2734375 0.7390625 0.1515625 0.3328125
1 0.44609375 0.22578125 0.20703125 0.2734375
0 0.6015625 0.50234375 0.23515625 0.2078125
0 0.42890625 0.0375 0.1921875 0.075
0 0.0734375 0.43984375 0.1453125 0.35546875
0 0.24609375 0.52421875 0.1515625 0.33046875