0 0.7125 0.12890625 0.20234375 0.23125
0 0.9421875 0.3609375 0.115625 0.19609375
0 0.425 0.07890625 0.178125 0.15546875
0 0.49765625 0.89375 0.1515625 0.18203125
0 0.17890625 0.72890625 0.16953125 0.20859375
0 0.56171875 0.6765625 0.17265625 0.215625
0 0.88671875 0.2890625 0.140625 0.178125
0 0.11484375 0.31875 0.16171875 0.2375
0 0.23125 0.434375 0.16640625 0.28828125
0 0.67890625 0.43125 0.125 0.2046875
0 0.40234375 0.70703125 0.1875 0.30390625
1 0.471875 0.36953125 0.3140625 0.4484375
0 0.64453125 0.85 0.15625 0.18828125
0 0.778125 0.9046875 0.15703125 0.18515625
0 0.86640625 0.52734375 0.1765625 0.21953125
0 0.2796875 0.09453125 0.1625 0.1890625
0 0.0375 0.865625 0.07421875 0.23984375
0 0.7421875 0.62265625 0.1375 0.22578125
0 0.93828125 0.09765625 0.1234375 0.17734375
0 0.14296875 0.134375 0.18046875 0.26796875