0 0.72265625 0.26953125 0.19453125 0.19609375
0 0.7828125 0.65625 0.19296875 0.20859375
0 0.8203125 0.0625 0.15625 0.125
0 0.32265625 0.121875 0.1578125 0.1953125
0 0.0703125 0.66484375 0.140625 0.2171875
0 0.62421875 0.11171875 0.14609375 0.20078125
0 0.9421875 0.8171875 0.115625 0.253125
0 0.21015625 0.35 0.15625 0.23359375
0 0.35390625 0.83046875 0.18125 0.20703125
0 0.5921875 0.55625 0.14765625 0.21015625
0 0.1421875 0.89453125 0.209375 0.2109375
0 0.53359375 0.76171875 0.1890625 0.18671875
0 0.79609375 0.88359375 0.17109375 0.2171875
0 0.03359375 0.20703125 0.06640625 0.2109375
0 0.43046875 0.04140625 0.1671875 0.0828125
0 0.22265625 0.028125 0.1578125 0.05625
0 0.859375 0.45390625 0.175 0.3203125
1 0.4703125 0.30546875 0.28828125 0.42890625
0 0.42109375 0.61171875 0.18984375 0.16484375
0 0.50234375 0.97265625 0.32578125 0.0546875