0 0.78046875 0.26796875 0.18203125 0.2375
0 0.91015625 0.109375 0.153125 0.20078125
0 0.728125 0.6328125 0.1875 0.19296875
0 0.74765625 0.88515625 0.171875 0.2265625
0 0.36171875 0.1421875 0.16875 0.196875
0 0.259375 0.584375 0.14765625 0.19453125
0 0.60859375 0.0640625 0.1484375 0.128125
0 0.11640625 0.31328125 0.16328125 0.2265625
0 0.271875 0.08125 0.1578125 0.15703125
0 0.603125 0.43671875 0.1375 0.2046875
0 0.29375 0.28671875 0.1609375 0.24765625
0 0.9171875 0.35078125 0.15625 0.25
1 0.46875 0.73515625 0.30859375 0.459375
0 0.3546875 0.46328125 0.153125 0.1765625
0 0.5390625 0.2484375 0.2375 0.24609375
1 0.2875 0.8734375 0.26328125 0.240625
0 0.753125 0.03125 0.203125 0.0625
0 0.96875 0.6390625 0.0625 0.17265625
0 0.03203125 0.23828125 0.06328125 0.2546875
0 0.1515625 0.6078125 0.165625 0.178125
0 0.06015625 0.6703125 0.11953125 0.2546875