0 0.23125 0.078125 0.20546875 0.15234375
0 0.8765625 0.5390625 0.1484375 0.2109375
0 0.43828125 0.08515625 0.15390625 0.16484375
0 0.6859375 0.203125 0.16484375 0.20625
0 0.66484375 0.07890625 0.1609375 0.1578125
0 0.875 0.33515625 0.2046875 0.21640625
0 0.071875 0.090625 0.14375 0.18125
0 0.1078125 0.8484375 0.153125 0.20390625
0 0.8546875 0.77890625 0.1921875 0.2421875
1 0.45234375 0.56796875 0.275 0.4234375
0 0.55 0.25703125 0.1546875 0.22265625
0 0.74609375 0.88046875 0.1515625 0.23125
0 0.34609375 0.89296875 0.153125 0.21328125
0 0.28046875 0.7796875 0.18203125 0.27265625
0 0.21015625 0.43046875 0.1765625 0.2125
0 0.971875 0.19375 0.05546875 0.25
1 0.11875 0.540625 0.21484375 0.259375