1 0.1859375 0.55390625 0.28671875 0.36953125
0 0.39921875 0.1421875 0.103125 0.175
0 0.2484375 0.103125 0.18046875 0.18359375
0 0.51328125 0.090625 0.10078125 0.11796875
0 0.63125 0.38671875 0.16171875 0.14296875
0 0.6859375 0.5421875 0.13984375 0.21640625
0 0.4921875 0.740625 0.134375 0.24921875
0 0.35546875 0.7203125 0.15078125 0.19375
0 0.3015625 0.90625 0.18671875 0.18671875
0 0.534375 0.946875 0.109375 0.10546875
0 0.58203125 0.87734375 0.10703125 0.175
0 0.7265625 0.7453125 0.13359375 0.1734375
0 0.825 0.66015625 0.10390625 0.19296875
0 0.84296875 0.50859375 0.13515625 0.153125
0 0.9453125 0.5796875 0.109375 0.234375
0 0.8703125 0.2796875 0.15234375 0.24765625
0 0.884375 0.42890625 0.125 0.12265625
0 0.9125 0.0765625 0.175 0.153125
0 0.959375 0.253125 0.08125 0.246875
0 0.65546875 0.053125 0.18515625 0.10078125
0 0.04921875 0.3671875 0.09140625 0.24609375
0 0.0359375 0.615625 0.06484375 0.2609375
0 0.11015625 0.80703125 0.1609375 0.1796875
0 0.0375 0.903125 0.075 0.18515625
2 0.590625 0.1359375 0.05234375 0.0671875
2 0.69375 0.87734375 0.07734375 0.06640625
2 0.89375 0.146875 0.06875 0.09296875