1 0.090625 0.22578125 0.16953125 0.275
0 0.86640625 0.13125 0.10078125 0.2625
1 0.3140625 0.5609375 0.0015625 0.0015625
0 0.546875 0.178125 0.16640625 0.203125
0 0.43984375 0.27734375 0.20390625 0.23359375
0 0.4203125 0.4359375 0.2203125 0.1671875
0 0.171875 0.40859375 0.15234375 0.134375
0 0.06015625 0.584375 0.1015625 0.17421875
0 0.05234375 0.75546875 0.10390625 0.28828125
0 0.16015625 0.690625 0.09609375 0.2703125
0 0.21328125 0.86484375 0.215625 0.228125
0 0.50859375 0.91796875 0.315625 0.16328125
0 0.73515625 0.74921875 0.18125 0.16328125
0 0.95078125 0.74453125 0.0984375 0.2203125
0 0.86875 0.46171875 0.10625 0.26953125
0 0.9015625 0.315625 0.11015625 0.253125
0 0.965625 0.18515625 0.06875 0.2953125
2 0.8359375 0.821875 0.03046875 0.06171875
2 0.9078125 0.79921875 0.03828125 0.053125