0 0.78046875 0.4703125 0.20234375 0.2453125
0 0.23515625 0.88515625 0.190625 0.21484375
0 0.878125 0.1078125 0.1875 0.215625
0 0.60390625 0.09140625 0.1671875 0.1828125
0 0.14140625 0.428125 0.17265625 0.234375
0 0.7421875 0.2359375 0.19609375 0.215625
0 0.0890625 0.8796875 0.1546875 0.20859375
0 0.29609375 0.51171875 0.15078125 0.178125
0 0.1953125 0.2265625 0.215625 0.2625
0 0.846875 0.71171875 0.1765625 0.2359375
0 0.94765625 0.503125 0.10390625 0.209375
0 0.534375 0.2140625 0.1546875 0.2140625
0 0.9625 0.21328125 0.075 0.190625
0 0.4515625 0.43515625 0.23515625 0.23671875
2 0.4453125 0.14765625 0.04296875 0.0609375
0 0.14453125 0.05625 0.1921875 0.1125
0 0.034375 0.05625 0.06875 0.1125
1 0.5453125 0.69453125 0.18359375 0.38125
2 0.0203125 0.553125 0.040625 0.09375