0 0.709375 0.33671875 0.1765625 0.1890625
0 0.79453125 0.13203125 0.153125 0.190625
0 0.94765625 0.8015625 0.1046875 0.253125
0 0.49921875 0.809375 0.17109375 0.27265625
0 0.16015625 0.80625 0.18359375 0.27265625
0 0.79765625 0.93359375 0.17734375 0.1328125
0 0.1109375 0.20078125 0.2046875 0.4015625
0 0.3625 0.5140625 0.20625 0.26015625
0 0.8546875 0.671875 0.19609375 0.20703125
0 0.14296875 0.45 0.228125 0.3078125
0 0.06796875 0.59140625 0.13515625 0.23828125
0 0.55234375 0.3796875 0.1453125 0.19453125
0 0.44609375 0.0625 0.2125 0.125
0 0.8796875 0.025 0.159375 0.05
0 0.315625 0.80703125 0.18359375 0.19296875
1 0.32578125 0.23359375 0.17265625 0.1921875
0 0.93203125 0.3171875 0.13515625 0.1828125
0 0.9125 0.49140625 0.1546875 0.20703125