0 0.71171875 0.61796875 0.18125 0.23203125
0 0.71484375 0.88828125 0.16015625 0.21875
0 0.44296875 0.80390625 0.16953125 0.19609375
0 0.6296875 0.4171875 0.13828125 0.19140625
0 0.534375 0.0546875 0.159375 0.109375
0 0.58984375 0.24296875 0.2015625 0.2375
0 0.27890625 0.853125 0.1640625 0.27578125
0 0.36015625 0.678125 0.153125 0.2109375
0 0.68359375 0.09375 0.15390625 0.18359375
0 0.79921875 0.29296875 0.171875 0.2421875
0 0.04140625 0.88046875 0.0828125 0.22734375
0 0.0875 0.6421875 0.17421875 0.24453125
0 0.12734375 0.9375 0.13828125 0.1171875
0 0.046875 0.21953125 0.09375 0.2296875
0 0.59921875 0.94375 0.1640625 0.1125
0 0.95859375 0.68984375 0.0828125 0.21953125
2 0.9640625 0.85703125 0.06484375 0.08828125
0 0.83671875 0.1 0.1796875 0.18359375
0 0.92890625 0.2609375 0.1296875 0.3953125
0 0.5203125 0.5578125 0.2609375 0.26875
0 0.08046875 0.50859375 0.14375 0.18828125
1 0.29375 0.20703125 0.359375 0.4140625
0 0.19921875 0.4953125 0.140625 0.19375