0 0.09140625 0.09609375 0.17734375 0.1921875
0 0.87109375 0.2484375 0.15546875 0.2140625
0 0.57109375 0.11796875 0.1921875 0.2359375
0 0.3625 0.2359375 0.14375 0.2609375
0 0.25078125 0.10234375 0.17734375 0.2015625
0 0.74453125 0.90234375 0.14296875 0.1875
1 0.5046875 0.41484375 0.2421875 0.4359375
0 0.46640625 0.88046875 0.32109375 0.234375
0 0.3921875 0.04453125 0.153125 0.0890625
0 0.20234375 0.915625 0.19453125 0.16171875
2 0.84921875 0.7890625 0.0671875 0.09765625
0 0.33125 0.6703125 0.18515625 0.41328125
2 0.35234375 0.70078125 0.0703125 0.10703125
0 0.15625 0.73359375 0.21328125 0.396875