0 0.8890625 0.31015625 0.15859375 0.19765625
0 0.7765625 0.2015625 0.20078125 0.21640625
0 0.65 0.05703125 0.17265625 0.1140625
0 0.65078125 0.32734375 0.175 0.2375
0 0.503125 0.47265625 0.18671875 0.2421875
0 0.12421875 0.14921875 0.1609375 0.20390625
0 0.86015625 0.8734375 0.175 0.24765625
0 0.45 0.10078125 0.184375 0.1953125
0 0.03515625 0.2546875 0.0703125 0.190625
0 0.88203125 0.54765625 0.21015625 0.26328125
0 0.47109375 0.79609375 0.1265625 0.18046875
0 0.33984375 0.2703125 0.196875 0.296875
0 0.35 0.64296875 0.21953125 0.2375
2 0.54921875 0.26328125 0.0734375 0.1
0 0.9578125 0.753125 0.08359375 0.196875
0 0.8484375 0.03828125 0.16328125 0.07578125
0 0.734375 0.71640625 0.159375 0.2
0 0.3421875 0.0890625 0.17734375 0.1734375
2 0.1921875 0.26015625 0.06484375 0.09453125
0 0.24921875 0.8 0.18359375 0.21328125
0 0.64140625 0.8765625 0.18125 0.2421875
1 0.10078125 0.59453125 0.2015625 0.3890625
0 0.45546875 0.95234375 0.140625 0.08203125
0 0.25625 0.94140625 0.1625 0.1171875
0 0.05078125 0.90546875 0.1015625 0.1578125
0 0.0421875 0.03984375 0.084375 0.07890625
0 0.1796875 0.37578125 0.12265625 0.16640625