0 0.10859375 0.09609375 0.2171875 0.1921875
0 0.46171875 0.13515625 0.1453125 0.2703125
0 0.40234375 0.46015625 0.153125 0.1796875
0 0.21953125 0.1328125 0.1296875 0.18671875
0 0.08984375 0.24140625 0.12578125 0.17890625
0 0.025 0.253125 0.05 0.225
0 0.1828125 0.34140625 0.14453125 0.17265625
0 0.34375 0.0875 0.14921875 0.16640625
0 0.5953125 0.07265625 0.1375 0.12265625
0 0.76796875 0.0359375 0.21640625 0.0703125
0 0.73828125 0.21953125 0.115625 0.2359375
0 0.921875 0.31953125 0.1484375 0.3734375
0 0.66328125 0.48203125 0.1453125 0.30234375
0 0.74609375 0.453125 0.09296875 0.2171875
0 0.821875 0.39921875 0.1015625 0.259375
0 0.80625 0.5703125 0.14453125 0.24375
0 0.52734375 0.3859375 0.1625 0.2078125
0 0.30625 0.515625 0.10546875 0.203125
0 0.0484375 0.4328125 0.096875 0.13828125
0 0.04140625 0.7078125 0.0703125 0.26796875
0 0.26484375 0.915625 0.17109375 0.16875
0 0.79609375 0.84140625 0.184375 0.19453125
1 0.3078125 0.703125 0.109375 0.090625
1 0.44140625 0.81875 0.0890625 0.1359375
1 0.49921875 0.78515625 0.06953125 0.1296875
1 0.56015625 0.7671875 0.07265625 0.2125
1 0.640625 0.76015625 0.09609375 0.184375
1 0.57734375 0.90625 0.1578125 0.109375
0 0.41484375 0.6359375 0.0796875 0.1078125