0 0.63359375 0.06875 0.14140625 0.1375
0 0.65078125 0.89609375 0.18515625 0.2078125
0 0.434375 0.68125 0.1828125 0.2203125
0 0.24296875 0.08203125 0.171875 0.16328125
0 0.26484375 0.24765625 0.15546875 0.23203125
0 0.303125 0.9203125 0.15078125 0.153125
0 0.878125 0.5015625 0.146875 0.2109375
1 0.46875 0.34375 0.26875 0.40234375
0 0.4125 0.08359375 0.19140625 0.165625
0 0.67421875 0.6453125 0.1671875 0.2703125
0 0.83359375 0.04609375 0.2203125 0.0921875
0 0.75 0.453125 0.16015625 0.2046875
0 0.85234375 0.2953125 0.1828125 0.215625
0 0.14609375 0.44296875 0.1265625 0.20546875
0 0.853125 0.78125 0.15 0.33359375
0 0.95859375 0.18125 0.0828125 0.20859375
0 0.1703125 0.80390625 0.12109375 0.178125
0 0.24296875 0.709375 0.16328125 0.28984375
0 0.046875 0.30546875 0.09296875 0.20625
0 0.49375 0.92109375 0.1515625 0.15078125
0 0.05234375 0.94609375 0.1046875 0.1078125
2 0.103125 0.640625 0.09609375 0.1546875