0 0.36875 0.64921875 0.18125 0.19921875
0 0.76328125 0.7328125 0.15703125 0.2
0 0.45625 0.1171875 0.18203125 0.2234375
0 0.3125 0.096875 0.17421875 0.18984375
0 0.32890625 0.390625 0.17578125 0.246875
0 0.94765625 0.6484375 0.1046875 0.22421875
0 0.76328125 0.05234375 0.1609375 0.10390625
0 0.12265625 0.25 0.18046875 0.225
0 0.1046875 0.5890625 0.1828125 0.20078125
0 0.4203125 0.3125 0.13125 0.2109375
0 0.565625 0.2609375 0.13515625 0.1921875
0 0.925 0.33828125 0.14296875 0.1859375
2 0.92734375 0.52578125 0.0609375 0.0890625
1 0.54921875 0.846875 0.28203125 0.30546875
0 0.9578125 0.80625 0.084375 0.2109375
0 0.525 0.53671875 0.1796875 0.2171875
0 0.8703125 0.93515625 0.2 0.1296875
0 0.04140625 0.7265625 0.08203125 0.1828125
0 0.6984375 0.21328125 0.2234375 0.2234375
0 0.66015625 0.4953125 0.15703125 0.19453125
0 0.14140625 0.95703125 0.23515625 0.0859375