0 0.94453125 0.7921875 0.11015625 0.1828125
0 0.3796875 0.07421875 0.1953125 0.1453125
0 0.86640625 0.3046875 0.14921875 0.19609375
0 0.2203125 0.1015625 0.159375 0.19921875
0 0.27578125 0.29375 0.16015625 0.2984375
0 0.9484375 0.21171875 0.103125 0.22578125
0 0.3921875 0.95 0.20859375 0.1
0 0.4109375 0.50234375 0.22578125 0.2203125
0 0.190625 0.5046875 0.20078125 0.2734375
1 0.77578125 0.61953125 0.21640625 0.3015625
0 0.61171875 0.45234375 0.15703125 0.23828125
0 0.0609375 0.69921875 0.1125 0.2390625
0 0.1640625 0.88046875 0.328125 0.2265625
0 0.79296875 0.953125 0.1859375 0.09375