0 0.5171875 0.68359375 0.21796875 0.240625
0 0.35390625 0.90859375 0.18203125 0.17265625
0 0.4890625 0.14375 0.14609375 0.2140625
0 0.53046875 0.89609375 0.1765625 0.20234375
0 0.171875 0.55390625 0.19140625 0.23359375
0 0.0828125 0.10546875 0.165625 0.20390625
0 0.26875 0.03984375 0.153125 0.07890625
0 0.4765625 0.440625 0.159375 0.21953125
0 0.1671875 0.953125 0.14296875 0.09296875
0 0.71171875 0.91171875 0.20078125 0.16875
0 0.36484375 0.25234375 0.178125 0.26328125
0 0.7671875 0.72265625 0.153125 0.20234375
0 0.73984375 0.5390625 0.1609375 0.22265625
0 0.03125 0.2625 0.06171875 0.2015625
0 0.28828125 0.6796875 0.18203125 0.24140625
0 0.04296875 0.853125 0.0859375 0.271875
1 0.69375 0.2671875 0.346875 0.534375
0 0.85390625 0.59140625 0.14765625 0.36328125
0 0.5640625 0.04765625 0.21875 0.0953125