0 0.75703125 0.59921875 0.1953125 0.19609375
2 0.4953125 0.4453125 0.0703125 0.09375
0 0.94765625 0.103125 0.1046875 0.203125
0 0.43671875 0.27109375 0.175 0.228125
0 0.29375 0.05703125 0.19140625 0.1140625
0 0.1046875 0.90703125 0.18125 0.17890625
0 0.60234375 0.23515625 0.18671875 0.20859375
0 0.10546875 0.3078125 0.20703125 0.353125
1 0.28203125 0.63828125 0.19296875 0.296875
0 0.340625 0.3359375 0.1234375 0.16953125
0 0.4796875 0.9015625 0.16796875 0.196875
0 0.771875 0.89765625 0.14140625 0.1859375
0 0.62734375 0.7890625 0.1796875 0.18203125
0 0.92890625 0.80703125 0.1421875 0.22578125
0 0.93828125 0.565625 0.1234375 0.24921875
0 0.8671875 0.21796875 0.1375 0.19765625
0 0.69609375 0.075 0.21953125 0.14921875
2 0.4109375 0.57890625 0.0625 0.065625