0 0.49609375 0.10703125 0.15625 0.20390625
0 0.12421875 0.13125 0.1984375 0.209375
0 0.5921875 0.38125 0.1828125 0.18125
0 0.46640625 0.7640625 0.16953125 0.2015625
0 0.384375 0.67578125 0.1296875 0.2015625
0 0.6109375 0.21640625 0.16171875 0.18515625
0 0.83359375 0.43359375 0.1578125 0.16484375
1 0.73203125 0.86953125 0.24140625 0.2609375
0 0.41015625 0.4046875 0.221875 0.2609375
0 0.734375 0.5890625 0.1640625 0.27109375
0 0.55859375 0.58203125 0.15 0.21484375
0 0.9703125 0.871875 0.059375 0.20234375
0 0.05859375 0.284375 0.1171875 0.253125
0 0.809375 0.05703125 0.234375 0.1140625
0 0.9578125 0.2953125 0.084375 0.18671875