0 0.60859375 0.34609375 0.19921875 0.20859375
0 0.39296875 0.9140625 0.1671875 0.16328125
0 0.14375 0.296875 0.16875 0.19921875
0 0.70625 0.05 0.134375 0.1
0 0.1390625 0.52109375 0.1640625 0.21640625
0 0.1515625 0.84140625 0.159375 0.22421875
0 0.578125 0.134375 0.17421875 0.2
0 0.9375 0.11328125 0.12421875 0.2234375
0 0.2703125 0.13359375 0.17109375 0.1953125
0 0.8671875 0.4 0.15625 0.23515625
0 0.040625 0.0890625 0.08046875 0.1765625
0 0.25859375 0.528125 0.1859375 0.2609375
0 0.6515625 0.93828125 0.15625 0.12265625
0 0.290625 0.77890625 0.165625 0.21015625
0 0.21171875 0.05234375 0.1515625 0.1046875
0 0.03203125 0.63046875 0.0640625 0.20703125
0 0.43984375 0.64765625 0.17109375 0.26328125
0 0.0328125 0.87109375 0.06484375 0.24453125
0 0.97265625 0.3453125 0.0546875 0.215625
0 0.85390625 0.89296875 0.24453125 0.209375
0 0.97265625 0.80625 0.0546875 0.23359375
1 0.73046875 0.62890625 0.33515625 0.4703125