0 0.215625 0.07734375 0.17578125 0.1546875
0 0.07578125 0.2109375 0.1390625 0.16875
0 0.71640625 0.2921875 0.19375 0.19765625
0 0.87109375 0.2859375 0.1421875 0.159375
0 0.96015625 0.10078125 0.0796875 0.153125
0 0.93828125 0.60390625 0.1234375 0.1875
0 0.86171875 0.7140625 0.13203125 0.20390625
0 0.5375 0.91953125 0.14921875 0.13671875
0 0.13828125 0.659375 0.12734375 0.18203125
0 0.0859375 0.8234375 0.121875 0.16171875
0 0.32734375 0.43828125 0.146875 0.18203125
0 0.18828125 0.4046875 0.09375 0.1546875
0 0.64296875 0.23203125 0.12421875 0.165625
0 0.71328125 0.7671875 0.16015625 0.18984375
0 0.134375 0.48359375 0.0875 0.1703125
0 0.21015625 0.34140625 0.16875 0.196875
0 0.50859375 0.28203125 0.10625 0.24453125
0 0.04296875 0.71640625 0.084375 0.22734375
0 0.8875 0.79296875 0.1296875 0.11640625
0 0.94375 0.9171875 0.1125 0.165625
0 0.0828125 0.0421875 0.1640625 0.084375
0 0.67578125 0.07109375 0.1421875 0.14140625
1 0.41171875 0.7296875 0.1578125 0.22734375
2 0.7140625 0.76484375 0.01953125 0.04140625
2 0.25703125 0.753125 0.0453125 0.05625
2 0.296875 0.91875 0.03828125 0.046875
2 0.0890625 0.8359375 0.02890625 0.05703125
2 0.97265625 0.4359375 0.03125 0.04375
0 0.2203125 0.58984375 0.10078125 0.09921875
0 0.88984375 0.09921875 0.17734375 0.19765625
2 0.20390625 0.784375 0.03203125 0.0484375