0 0.41796875 0.67421875 0.15625 0.2703125
0 0.859375 0.6203125 0.16875 0.2453125
0 0.85234375 0.396875 0.16015625 0.1890625
0 0.290625 0.09609375 0.17109375 0.1921875
0 0.1140625 0.6390625 0.17265625 0.20390625
0 0.934375 0.825 0.13046875 0.22109375
0 0.0953125 0.865625 0.16796875 0.234375
0 0.09296875 0.09765625 0.17890625 0.1921875
0 0.2640625 0.79375 0.1625 0.2
0 0.93046875 0.10859375 0.1390625 0.19140625
0 0.6328125 0.05 0.23515625 0.09921875
0 0.06328125 0.31328125 0.1265625 0.24765625
0 0.459375 0.91328125 0.21484375 0.16484375
0 0.271875 0.41328125 0.16796875 0.390625
0 0.678125 0.6765625 0.190625 0.24921875
2 0.58125 0.45859375 0.06875 0.1171875
2 0.5734375 0.7703125 0.0609375 0.096875
0 0.971875 0.60234375 0.05625 0.20546875
0 0.975 0.40546875 0.05 0.20234375
0 0.6796875 0.83125 0.1546875 0.16015625
2 0.73984375 0.97265625 0.0875 0.0546875
1 0.4765625 0.24609375 0.315625 0.4