0 0.91484375 0.49296875 0.16171875 0.240625
0 0.4171875 0.5859375 0.15859375 0.22109375
0 0.6828125 0.2609375 0.20078125 0.27109375
0 0.24765625 0.87421875 0.1671875 0.25078125
0 0.64609375 0.815625 0.19921875 0.3140625
0 0.14609375 0.3765625 0.1921875 0.29609375
0 0.34296875 0.37109375 0.16015625 0.16015625
2 0.79140625 0.61328125 0.06484375 0.08046875
0 0.06640625 0.79296875 0.1328125 0.27734375
0 0.228125 0.08828125 0.15 0.175
0 0.5203125 0.38046875 0.17578125 0.2234375
1 0.246875 0.62421875 0.18125 0.27578125
0 0.8984375 0.209375 0.203125 0.38125