0 0.340625 0.121875 0.16328125 0.21328125
0 0.915625 0.5359375 0.1640625 0.20234375
0 0.0921875 0.69140625 0.14609375 0.18671875
0 0.90546875 0.8890625 0.1734375 0.221875
0 0.9109375 0.11640625 0.16328125 0.23203125
0 0.13671875 0.87265625 0.1390625 0.17734375
1 0.44609375 0.4203125 0.3078125 0.4546875
0 0.20625 0.11484375 0.14765625 0.20234375
0 0.3703125 0.6890625 0.203125 0.2046875
0 0.08984375 0.2828125 0.1625 0.19453125
0 0.44296875 0.9390625 0.1578125 0.12109375
0 0.13125 0.0421875 0.15859375 0.084375
0 0.690625 0.60703125 0.19296875 0.27890625
0 0.725 0.21953125 0.24453125 0.24453125
0 0.03203125 0.203125 0.0640625 0.2140625
0 0.54296875 0.62421875 0.159375 0.28046875
0 0.490625 0.76015625 0.1671875 0.2625
0 0.22734375 0.47890625 0.1640625 0.2953125