0 0.4375 0.13359375 0.17734375 0.18203125
0 0.2125 0.1703125 0.1578125 0.2546875
0 0.10703125 0.4671875 0.18984375 0.22421875
0 0.23515625 0.70234375 0.14453125 0.20625
0 0.0578125 0.2859375 0.115625 0.23671875
0 0.0390625 0.09765625 0.078125 0.1953125
0 0.040625 0.63125 0.08046875 0.1765625
0 0.36640625 0.48203125 0.12734375 0.14609375
0 0.48203125 0.34609375 0.10703125 0.18984375
0 0.90078125 0.1609375 0.16484375 0.24296875
0 0.9359375 0.40234375 0.128125 0.22265625
0 0.93046875 0.815625 0.1390625 0.17265625
0 0.97265625 0.63359375 0.05390625 0.17109375
0 0.75625 0.7953125 0.1375 0.20703125
0 0.79296875 0.69296875 0.14921875 0.17265625
0 0.83046875 0.584375 0.140625 0.1765625
0 0.71875 0.9296875 0.15 0.11640625
0 0.41875 0.64765625 0.14453125 0.1796875
0 0.30390625 0.4828125 0.13046875 0.1359375
0 0.08515625 0.946875 0.11796875 0.10625
0 0.26640625 0.96484375 0.1828125 0.0671875
0 0.61015625 0.05390625 0.125 0.1078125
0 0.78203125 0.15234375 0.15625 0.17265625
0 0.68984375 0.0515625 0.121875 0.10234375
0 0.4890625 0.76015625 0.1375 0.19609375
0 0.53046875 0.83984375 0.1546875 0.14453125
0 0.428125 0.953125 0.11875 0.09375
1 0.53515625 0.540625 0.13828125 0.18046875