0 0.45546875 0.36328125 0.19140625 0.2421875
0 0.68515625 0.69453125 0.15390625 0.19609375
0 0.0765625 0.08984375 0.15234375 0.17890625
0 0.3375 0.8875 0.1546875 0.22265625
0 0.64296875 0.13203125 0.1578125 0.23203125
0 0.8453125 0.884375 0.21796875 0.23046875
0 0.4296875 0.56328125 0.13203125 0.178125
0 0.47890625 0.11328125 0.146875 0.2109375
0 0.30234375 0.38203125 0.18203125 0.19765625
0 0.87265625 0.675 0.1734375 0.290625
0 0.14609375 0.678125 0.140625 0.17421875
0 0.04921875 0.92734375 0.0984375 0.1375
0 0.8828125 0.371875 0.18203125 0.32578125
0 0.30703125 0.0484375 0.1703125 0.096875
0 0.72265625 0.42578125 0.1203125 0.2078125
2 0.228125 0.11484375 0.0609375 0.10234375
0 0.040625 0.4671875 0.08046875 0.246875
0 0.64921875 0.528125 0.13984375 0.18515625
0 0.23984375 0.146875 0.153125 0.278125
0 0.19609375 0.56640625 0.11484375 0.15078125
0 0.15234375 0.87265625 0.20703125 0.21640625
2 0.32734375 0.5171875 0.04296875 0.05546875
1 0.61796875 0.884375 0.3484375 0.23125
0 0.95546875 0.2234375 0.08515625 0.44609375
0 0.03359375 0.69921875 0.0671875 0.1484375