0 0.45546875 0.3125 0.1953125 0.24375
0 0.63515625 0.0984375 0.16171875 0.19296875
0 0.80234375 0.265625 0.16953125 0.21875
0 0.2484375 0.40859375 0.178125 0.22734375
0 0.434375 0.09140625 0.18359375 0.178125
0 0.1359375 0.05390625 0.184375 0.1078125
0 0.925 0.3 0.140625 0.271875
0 0.43671875 0.509375 0.14296875 0.17265625
2 0.909375 0.83984375 0.06875 0.09609375
0 0.28125 0.65078125 0.17421875 0.21484375
2 0.85703125 0.546875 0.053125 0.07578125
0 0.78828125 0.0359375 0.1515625 0.071875
0 0.0765625 0.67578125 0.153125 0.2171875
0 0.928125 0.084375 0.14375 0.16875
0 0.96875 0.62265625 0.0625 0.2
0 0.94921875 0.51953125 0.1015625 0.16953125
0 0.09296875 0.21328125 0.159375 0.18203125
0 0.0734375 0.30703125 0.146875 0.40625
0 0.67109375 0.29375 0.184375 0.1796875
1 0.67109375 0.60234375 0.29921875 0.40078125
0 0.40234375 0.9171875 0.1640625 0.165625
0 0.58125 0.95859375 0.21640625 0.0828125
0 0.45234375 0.7921875 0.13046875 0.2125