0 0.8140625 0.446875 0.18046875 0.2453125
0 0.20703125 0.30234375 0.16796875 0.25
0 0.2734375 0.06640625 0.15625 0.1328125
0 0.94140625 0.30625 0.1171875 0.20625
0 0.86640625 0.765625 0.15390625 0.21640625
0 0.36875 0.3453125 0.16171875 0.23125
0 0.56015625 0.58671875 0.1328125 0.19921875
0 0.88515625 0.17734375 0.16171875 0.2046875
0 0.0671875 0.46015625 0.134375 0.24609375
0 0.259375 0.65 0.14375 0.2171875
0 0.65546875 0.2734375 0.19765625 0.3171875
0 0.15234375 0.61640625 0.1484375 0.209375
0 0.66171875 0.953125 0.1578125 0.09375
0 0.90625 0.95078125 0.15703125 0.09765625
0 0.0484375 0.21796875 0.09609375 0.25
0 0.49375 0.22578125 0.15 0.21796875
0 0.9390625 0.55234375 0.121875 0.2125
0 0.5515625 0.10078125 0.13359375 0.17890625
0 0.17734375 0.93359375 0.134375 0.12734375
0 0.684375 0.73828125 0.1828125 0.253125
0 0.78046875 0.04296875 0.15546875 0.0859375
1 0.3671875 0.82734375 0.325 0.3453125