0 0.65078125 0.0921875 0.2171875 0.17890625
0 0.23359375 0.11875 0.1671875 0.2375
0 0.8796875 0.15 0.1375 0.17578125
0 0.94453125 0.3625 0.1109375 0.225
0 0.23125 0.7890625 0.159375 0.1765625
0 0.40390625 0.06875 0.228125 0.1375
0 0.7453125 0.29921875 0.15546875 0.19296875
1 0.284375 0.4265625 0.26015625 0.440625
0 0.659375 0.771875 0.17734375 0.20703125
0 0.8515625 0.34609375 0.17265625 0.2078125
2 0.1265625 0.09453125 0.07265625 0.0953125
0 0.0546875 0.03984375 0.109375 0.07890625
0 0.9421875 0.90390625 0.115625 0.18828125
2 0.0515625 0.69453125 0.05703125 0.0796875
0 0.9046875 0.57265625 0.16640625 0.2375
2 0.03671875 0.76953125 0.04453125 0.0921875
0 0.3671875 0.72734375 0.20859375 0.20859375
0 0.3640625 0.8921875 0.18671875 0.16640625
0 0.73515625 0.915625 0.1109375 0.16796875
0 0.65703125 0.93125 0.1171875 0.13671875
0 0.15234375 0.690625 0.17265625 0.18515625
0 0.10859375 0.8875 0.15703125 0.18203125
0 0.7234375 0.4421875 0.15234375 0.17578125
0 0.71875 0.578125 0.209375 0.15078125
0 0.80078125 0.6984375 0.16015625 0.20390625
0 0.05546875 0.22578125 0.1109375 0.175
0 0.059375 0.37578125 0.115625 0.2578125