0 0.41484375 0.55625 0.16171875 0.2203125
0 0.18984375 0.64140625 0.146875 0.23671875
0 0.66171875 0.0671875 0.1921875 0.134375
0 0.51796875 0.3328125 0.1484375 0.1828125
0 0.08828125 0.49296875 0.165625 0.253125
0 0.54921875 0.15859375 0.1640625 0.21640625
0 0.853125 0.1125 0.175 0.225
0 0.3046875 0.8484375 0.1421875 0.1828125
0 0.7171875 0.81015625 0.16796875 0.228125
0 0.58828125 0.58515625 0.16171875 0.36484375
0 0.26171875 0.4296875 0.21875 0.26015625
0 0.1828125 0.9453125 0.1421875 0.109375
1 0.8046875 0.57734375 0.27578125 0.396875
0 0.97265625 0.2796875 0.0546875 0.215625
0 0.925 0.80546875 0.14609375 0.2265625
0 0.6828125 0.94921875 0.165625 0.1015625
2 0.171875 0.8171875 0.08125 0.09453125
0 0.69921875 0.2828125 0.1671875 0.178125
0 0.078125 0.7703125 0.14296875 0.1859375
0 0.0875 0.25859375 0.17421875 0.2328125