0 0.4 0.81875 0.171875 0.20625
0 0.271875 0.071875 0.159375 0.14296875
0 0.08984375 0.87421875 0.140625 0.19375
0 0.06171875 0.134375 0.1234375 0.22265625
0 0.80234375 0.51875 0.19296875 0.22734375
0 0.6328125 0.43359375 0.1859375 0.21015625
0 0.528125 0.7015625 0.1234375 0.21796875
0 0.415625 0.1078125 0.18984375 0.21484375
0 0.56171875 0.334375 0.15234375 0.1828125
0 0.4515625 0.28828125 0.1453125 0.209375
0 0.0921875 0.66875 0.15 0.21875
2 0.61875 0.5984375 0.08984375 0.1578125
0 0.21640625 0.875 0.18203125 0.21953125
1 0.28828125 0.59140625 0.2921875 0.44921875
0 0.84296875 0.87265625 0.1984375 0.25390625
2 0.9234375 0.0515625 0.084375 0.103125
0 0.096875 0.4484375 0.1140625 0.20546875
0 0.59453125 0.0453125 0.13046875 0.08984375
0 0.7109375 0.94765625 0.146875 0.1046875
0 0.878125 0.265625 0.13515625 0.20234375
0 0.04453125 0.38984375 0.08828125 0.246875
0 0.83984375 0.1359375 0.1515625 0.234375