0 0.5953125 0.09375 0.18203125 0.1875
0 0.6 0.2984375 0.18515625 0.20078125
0 0.16171875 0.93828125 0.1609375 0.12265625
0 0.5328125 0.8609375 0.18203125 0.23984375
0 0.8328125 0.6078125 0.18046875 0.21796875
0 0.76171875 0.17578125 0.1453125 0.21640625
0 0.3890625 0.25703125 0.16171875 0.184375
0 0.61484375 0.5 0.13828125 0.20234375
0 0.27109375 0.75 0.1515625 0.1890625
0 0.32421875 0.9140625 0.159375 0.1625
0 0.08671875 0.75625 0.16484375 0.2390625
0 0.071875 0.32734375 0.14375 0.23125
0 0.759375 0.9109375 0.16015625 0.17265625
1 0.4375 0.55703125 0.2625 0.44453125
2 0.7078125 0.73046875 0.0625 0.06640625
0 0.0421875 0.5234375 0.084375 0.1265625
0 0.7953125 0.4109375 0.1640625 0.159375
0 0.91796875 0.16328125 0.1375 0.221875