0 0.865625 0.328125 0.17578125 0.2390625
0 0.5796875 0.45078125 0.18125 0.23125
0 0.40859375 0.18828125 0.1390625 0.20078125
0 0.51015625 0.3171875 0.13359375 0.16640625
0 0.8484375 0.08671875 0.1625 0.17265625
0 0.740625 0.62265625 0.19140625 0.19609375
0 0.11796875 0.084375 0.146875 0.165625
0 0.7078125 0.23671875 0.140625 0.19140625
0 0.103125 0.86328125 0.14453125 0.196875
0 0.9359375 0.84921875 0.128125 0.19375
0 0.58203125 0.08046875 0.1703125 0.1578125
0 0.3 0.52734375 0.16015625 0.203125
0 0.02578125 0.77578125 0.0515625 0.21875
0 0.29140625 0.0375 0.14765625 0.075
0 0.9671875 0.43671875 0.065625 0.2171875
0 0.17578125 0.3765625 0.209375 0.25
0 0.60625 0.84453125 0.15 0.25234375
0 0.03359375 0.50625 0.0671875 0.22578125
0 0.77890625 0.77109375 0.18984375 0.32265625
0 0.43984375 0.0265625 0.146875 0.053125
1 0.428125 0.8390625 0.22578125 0.30703125