2 0.71953125 0.4546875 0.08125 0.1046875
0 0.3375 0.08203125 0.1890625 0.15859375
0 0.10234375 0.58203125 0.13984375 0.2
2 0.51171875 0.74140625 0.0609375 0.0796875
0 0.82734375 0.53125 0.14609375 0.21171875
0 0.59140625 0.384375 0.171875 0.21953125
0 0.39765625 0.63359375 0.15625 0.31640625
0 0.36796875 0.41640625 0.15078125 0.1796875
0 0.803125 0.109375 0.19375 0.2140625
0 0.41171875 0.559375 0.13359375 0.15703125
0 0.9015625 0.796875 0.1921875 0.2921875
0 0.5109375 0.21953125 0.15390625 0.22890625
0 0.0375 0.2109375 0.075 0.22109375
0 0.2265625 0.73671875 0.2046875 0.2421875
0 0.73984375 0.83984375 0.190625 0.26484375
0 0.27109375 0.8828125 0.2359375 0.234375
0 0.52265625 0.04140625 0.17578125 0.08203125
0 0.4296875 0.8953125 0.18828125 0.203125
1 0.64296875 0.65546875 0.2203125 0.26328125
0 0.89375 0.31875 0.12734375 0.11953125