0 0.55625 0.103125 0.21875 0.20625
0 0.39765625 0.41015625 0.18125 0.22578125
0 0.1171875 0.21484375 0.153125 0.23203125
0 0.9171875 0.871875 0.15703125 0.2078125
1 0.45 0.73203125 0.36328125 0.47734375
0 0.53984375 0.30078125 0.16796875 0.2515625
0 0.21015625 0.046875 0.1515625 0.09375
0 0.1953125 0.8546875 0.16796875 0.28984375
0 0.296875 0.19296875 0.1796875 0.28046875
0 0.73671875 0.26484375 0.22421875 0.27265625
0 0.0671875 0.39765625 0.1265625 0.17578125
0 0.421875 0.0484375 0.1265625 0.096875
0 0.05390625 0.846875 0.1078125 0.259375
0 0.65 0.46171875 0.20546875 0.2484375
0 0.90859375 0.68984375 0.16328125 0.1765625
0 0.9 0.43359375 0.1625 0.2046875
0 0.8109375 0.64921875 0.15390625 0.2328125
0 0.82890625 0.91875 0.26015625 0.16171875
0 0.86328125 0.08203125 0.2734375 0.1578125