0 0.1171875 0.0984375 0.15859375 0.196875
0 0.58671875 0.47578125 0.14765625 0.2
0 0.64453125 0.23671875 0.153125 0.16015625
0 0.76796875 0.4328125 0.16796875 0.228125
0 0.88671875 0.14765625 0.1609375 0.1984375
0 0.5828125 0.0953125 0.19375 0.190625
0 0.13046875 0.8765625 0.20546875 0.24375
0 0.92109375 0.88203125 0.15078125 0.22734375
1 0.215625 0.28828125 0.22421875 0.33203125
0 0.5375 0.2421875 0.1375 0.17734375
2 0.665625 0.86015625 0.05625 0.06875
0 0.0640625 0.38046875 0.0953125 0.32109375
0 0.0890625 0.58359375 0.146875 0.2421875
0 0.2640625 0.6578125 0.1609375 0.2796875
0 0.36875 0.871875 0.303125 0.25625
0 0.9203125 0.47265625 0.15859375 0.31171875