0 0.8609375 0.1421875 0.14609375 0.1671875
0 0.2078125 0.11796875 0.18828125 0.23515625
0 0.52109375 0.290625 0.18125 0.22578125
0 0.33671875 0.57421875 0.2046875 0.30546875
0 0.225 0.3921875 0.16171875 0.24296875
0 0.5203125 0.0953125 0.16484375 0.18515625
0 0.6421875 0.615625 0.21484375 0.37890625
0 0.553125 0.8671875 0.1859375 0.2375
0 0.9640625 0.33671875 0.071875 0.24453125
0 0.21875 0.70703125 0.1546875 0.25
0 0.659375 0.0515625 0.21328125 0.10234375
0 0.075 0.72578125 0.15 0.2578125
0 0.38671875 0.28359375 0.19765625 0.23984375
0 0.9046875 0.61640625 0.18125 0.23984375
1 0.37890625 0.86328125 0.1421875 0.24453125