0 0.75078125 0.546875 0.1625 0.2234375
0 0.13515625 0.1046875 0.14453125 0.2
2 0.1484375 0.93984375 0.06640625 0.1015625
0 0.24921875 0.56875 0.19140625 0.2296875
0 0.2640625 0.0921875 0.1734375 0.17890625
0 0.34453125 0.415625 0.17109375 0.2546875
0 0.68203125 0.08515625 0.31328125 0.1703125
0 0.6265625 0.30078125 0.190625 0.325
0 0.90546875 0.16171875 0.1828125 0.32265625
0 0.07265625 0.40078125 0.1453125 0.2828125
0 0.434375 0.86015625 0.171875 0.24453125
0 0.109375 0.65078125 0.14453125 0.2484375
1 0.49375 0.59296875 0.18984375 0.26796875
2 0.125 0.840625 0.071875 0.0796875