1 0.3609375 0.63671875 0.27734375 0.3640625
0 0.415625 0.2671875 0.1546875 0.20234375
0 0.58671875 0.81015625 0.14140625 0.1734375
0 0.765625 0.78515625 0.16328125 0.2671875
0 0.11328125 0.659375 0.178125 0.24921875
0 0.71796875 0.46640625 0.1578125 0.18671875
0 0.7125 0.2578125 0.14921875 0.2015625
0 0.85390625 0.46015625 0.15390625 0.1359375
0 0.94453125 0.359375 0.1109375 0.23046875
0 0.16328125 0.05390625 0.178125 0.1078125
0 0.321875 0.08671875 0.165625 0.17265625
0 0.38515625 0.034375 0.13046875 0.06796875
0 0.0359375 0.32265625 0.06484375 0.2109375
0 0.52421875 0.19375 0.13828125 0.203125
0 0.834375 0.11953125 0.09609375 0.146875
0 0.7640625 0.065625 0.128125 0.12578125
0 0.94609375 0.6 0.1078125 0.1609375
0 0.9640625 0.69609375 0.071875 0.165625
0 0.2921875 0.884375 0.13671875 0.1640625
0 0.4328125 0.88515625 0.165625 0.11953125
0 0.58125 0.93671875 0.14921875 0.1265625
0 0.05625 0.92890625 0.103125 0.1421875
0 0.0875 0.815625 0.1171875 0.15546875
0 0.68828125 0.9328125 0.1578125 0.11875
2 0.4640625 0.89140625 0.04921875 0.0484375
2 0.63125 0.13125 0.04375 0.05