0 0.76640625 0.67734375 0.16328125 0.18984375
0 0.71796875 0.20859375 0.1546875 0.21171875
0 0.63671875 0.85625 0.17890625 0.2109375
0 0.4171875 0.92109375 0.159375 0.15078125
0 0.9375 0.28515625 0.12421875 0.2015625
0 0.95078125 0.48046875 0.0984375 0.22734375
0 0.803125 0.3515625 0.15546875 0.22265625
0 0.5859375 0.56875 0.16171875 0.22109375
2 0.55078125 0.40078125 0.05546875 0.06171875
0 0.62890625 0.2484375 0.16796875 0.32421875
0 0.44453125 0.7921875 0.19375 0.2328125
0 0.21015625 0.7140625 0.2234375 0.24140625
0 0.06640625 0.80234375 0.1296875 0.1921875
0 0.2203125 0.11796875 0.1859375 0.22890625
2 0.1859375 0.55703125 0.075 0.1515625
1 0.3078125 0.41484375 0.22421875 0.2703125
2 0.89375 0.96640625 0.078125 0.0671875