0 0.61171875 0.2328125 0.17109375 0.21328125
0 0.71171875 0.46484375 0.1515625 0.2390625
0 0.23203125 0.13046875 0.1796875 0.25078125
0 0.675 0.0578125 0.16875 0.115625
0 0.59296875 0.87734375 0.203125 0.2421875
0 0.2046875 0.828125 0.2203125 0.3421875
0 0.2921875 0.35390625 0.209375 0.27578125
0 0.9421875 0.640625 0.115625 0.19765625
0 0.046875 0.05625 0.09375 0.1125
0 0.1078125 0.503125 0.17109375 0.19921875
1 0.47734375 0.51640625 0.22109375 0.3125
0 0.93359375 0.38046875 0.12890625 0.24140625
2 0.91796875 0.91015625 0.03671875 0.103125
0 0.92578125 0.96015625 0.1484375 0.0796875
0 0.07109375 0.91875 0.1296875 0.16171875