0 0.6 0.09453125 0.19296875 0.1875
0 0.36328125 0.1140625 0.1578125 0.22578125
0 0.56015625 0.3109375 0.15546875 0.21328125
0 0.81640625 0.6515625 0.165625 0.16796875
0 0.1703125 0.0875 0.1484375 0.17421875
0 0.71796875 0.36953125 0.14609375 0.18671875
0 0.13828125 0.69375 0.1625 0.196875
0 0.2984375 0.3390625 0.1640625 0.21484375
0 0.8203125 0.175 0.15859375 0.19296875
0 0.70234375 0.94765625 0.1515625 0.10390625
0 0.3296875 0.90625 0.171875 0.1875
0 0.9046875 0.49296875 0.17109375 0.178125
0 0.875 0.2828125 0.1609375 0.2046875
0 0.209375 0.53125 0.15234375 0.20078125
0 0.9609375 0.596875 0.078125 0.19140625
0 0.37890625 0.49453125 0.16796875 0.31015625
2 0.6765625 0.61171875 0.05078125 0.075
0 0.9515625 0.03125 0.096875 0.0625
1 0.525 0.75390625 0.31875 0.4234375