0 0.86875 0.903125 0.2125 0.18671875
0 0.5625 0.66328125 0.171875 0.24921875
0 0.93359375 0.3390625 0.1328125 0.184375
0 0.2640625 0.32578125 0.1609375 0.23984375
0 0.94765625 0.50703125 0.1046875 0.2171875
0 0.67109375 0.0671875 0.153125 0.13203125
0 0.66171875 0.31796875 0.1953125 0.28515625
0 0.07421875 0.56875 0.14765625 0.24609375
0 0.55625 0.11484375 0.16015625 0.22890625
0 0.821875 0.55234375 0.1484375 0.18828125
0 0.9125 0.69296875 0.16796875 0.21640625
0 0.30625 0.7828125 0.15390625 0.2109375
0 0.1859375 0.934375 0.20078125 0.13125
0 0.825 0.11484375 0.25390625 0.22890625
0 0.46796875 0.37421875 0.16328125 0.22265625
0 0.028125 0.865625 0.05625 0.196875
0 0.21171875 0.14765625 0.16796875 0.19765625
0 0.1328125 0.78984375 0.15703125 0.2125
0 0.0375 0.1359375 0.07421875 0.23828125
0 0.32890625 0.521875 0.11015625 0.159375
0 0.4046875 0.7953125 0.1390625 0.21015625
1 0.62265625 0.88515625 0.2640625 0.19453125
0 0.2 0.0515625 0.15234375 0.10234375
0 0.68046875 0.42890625 0.14765625 0.1953125
0 0.05859375 0.35703125 0.1171875 0.1828125
0 0.7015625 0.67578125 0.1453125 0.196875