0 0.31171875 0.10234375 0.15234375 0.1828125
0 0.44296875 0.084375 0.14296875 0.165625
0 0.88203125 0.5375 0.16328125 0.2
0 0.16875 0.75390625 0.15859375 0.2296875
0 0.59609375 0.146875 0.19921875 0.29375
0 0.53046875 0.81484375 0.13671875 0.23984375
0 0.6703125 0.434375 0.1703125 0.26171875
0 0.36484375 0.54609375 0.1640625 0.2125
0 0.33671875 0.359375 0.16875 0.2265625
0 0.3234375 0.78828125 0.1546875 0.2609375
0 0.46953125 0.6 0.18359375 0.21953125
0 0.828125 0.325 0.1484375 0.22734375
0 0.24453125 0.29609375 0.15703125 0.2328125
0 0.05 0.54453125 0.1 0.24453125
0 0.15546875 0.0296875 0.18515625 0.059375
0 0.4140625 0.946875 0.190625 0.10625
1 0.67421875 0.725 0.228125 0.3921875
0 0.9359375 0.0359375 0.11953125 0.07109375
0 0.94296875 0.08671875 0.1140625 0.17265625
0 0.91484375 0.34453125 0.12890625 0.2296875