1 0.3203125 0.55390625 0.228125 0.328125
2 0.55625 0.03203125 0.06171875 0.059375
2 0.1328125 0.47109375 0.065625 0.0875
2 0.17734375 0.421875 0.05703125 0.0765625
2 0.71015625 0.4578125 0.0578125 0.04765625
0 0.64296875 0.19765625 0.15390625 0.21484375
0 0.22734375 0.05546875 0.1390625 0.1109375
0 0.440625 0.04765625 0.13984375 0.09453125
0 0.39921875 0.109375 0.11640625 0.13828125
0 0.115625 0.228125 0.17109375 0.19296875
0 0.06953125 0.39296875 0.128125 0.31015625
0 0.26875 0.3515625 0.19609375 0.14375
0 0.4 0.4234375 0.12109375 0.15390625
0 0.41875 0.26796875 0.14375 0.14765625
0 0.52890625 0.30703125 0.1484375 0.14609375
0 0.64453125 0.38828125 0.15078125 0.1765625
0 0.4640625 0.76953125 0.215625 0.278125
0 0.6578125 0.83125 0.17265625 0.2203125
0 0.79296875 0.73515625 0.1546875 0.1328125
0 0.2171875 0.8515625 0.20234375 0.17734375
0 0.075 0.88046875 0.14921875 0.21015625
0 0.871875 0.13359375 0.19296875 0.23671875
0 0.703125 0.103125 0.225 0.18359375
0 0.76953125 0.30859375 0.215625 0.20234375
0 0.89609375 0.4265625 0.19140625 0.21015625
0 0.85625 0.55625 0.228125 0.15390625
0 0.9203125 0.8953125 0.159375 0.19765625
0 0.80390625 0.88828125 0.1453125 0.2234375