0 0.56953125 0.1140625 0.175 0.228125
0 0.38671875 0.1078125 0.1734375 0.20859375
0 0.7703125 0.07109375 0.15234375 0.1390625
0 0.915625 0.071875 0.1609375 0.14140625
0 0.49765625 0.58125 0.1796875 0.21015625
0 0.19765625 0.2015625 0.14453125 0.21796875
0 0.25703125 0.51015625 0.16640625 0.20625
0 0.0875 0.60390625 0.175 0.27421875
0 0.9390625 0.265625 0.121875 0.2171875
0 0.94765625 0.428125 0.1046875 0.23125
1 0.62578125 0.78203125 0.24453125 0.38984375
0 0.2234375 0.91796875 0.1625 0.15625
0 0.3140625 0.72109375 0.25078125 0.22578125
0 0.790625 0.46875 0.1734375 0.246875
0 0.46171875 0.35390625 0.21875 0.24140625
0 0.778125 0.84765625 0.1515625 0.19375
0 0.065625 0.26796875 0.13125 0.29765625
0 0.16640625 0.03046875 0.3328125 0.0609375
0 0.06484375 0.875 0.1296875 0.25
0 0.9359375 0.7546875 0.1109375 0.35625