0 0.74453125 0.64765625 0.16328125 0.1921875
0 0.7265625 0.09375 0.17109375 0.184375
0 0.7515625 0.86796875 0.146875 0.1890625
0 0.5609375 0.76640625 0.17265625 0.2390625
0 0.2140625 0.771875 0.1515625 0.1984375
0 0.3734375 0.88984375 0.1625 0.2015625
0 0.259375 0.45546875 0.13671875 0.19140625
0 0.9140625 0.22578125 0.1640625 0.21171875
0 0.05859375 0.059375 0.1171875 0.11875
0 0.93515625 0.72421875 0.1296875 0.21484375
0 0.090625 0.8171875 0.1375 0.21484375
0 0.12265625 0.62265625 0.1703125 0.25390625
0 0.58203125 0.11171875 0.15390625 0.22265625
0 0.9234375 0.07109375 0.153125 0.1421875
0 0.29140625 0.65078125 0.19609375 0.2375
1 0.58515625 0.475 0.2671875 0.4234375
0 0.22578125 0.15859375 0.190625 0.2484375
0 0.3375 0.34765625 0.15625 0.20078125
2 0.115625 0.13359375 0.05859375 0.0765625
0 0.21953125 0.04921875 0.11796875 0.09765625
0 0.1375 0.94375 0.190625 0.1125
0 0.07265625 0.43125 0.1453125 0.20859375