0 0.63515625 0.53359375 0.16171875 0.2140625
0 0.82421875 0.6078125 0.18125 0.2421875
0 0.85859375 0.94140625 0.1390625 0.11640625
0 0.40703125 0.0671875 0.196875 0.134375
0 0.86171875 0.775 0.15625 0.178125
0 0.340625 0.36953125 0.17578125 0.18515625
0 0.0875 0.3140625 0.1640625 0.259375
0 0.9046875 0.21328125 0.15234375 0.2140625
0 0.90078125 0.43828125 0.13515625 0.18984375
0 0.70078125 0.78515625 0.171875 0.2171875
0 0.1625 0.91171875 0.16796875 0.16640625
0 0.69609375 0.2953125 0.1421875 0.24453125
0 0.9296875 0.0453125 0.140625 0.090625
0 0.571875 0.284375 0.14765625 0.23828125
0 0.02578125 0.90546875 0.0515625 0.1828125
0 0.64375 0.1125 0.1703125 0.21875
0 0.1453125 0.65859375 0.13984375 0.2125
2 0.43203125 0.24609375 0.07421875 0.1125
1 0.3328125 0.68671875 0.29140625 0.4578125
0 0.0421875 0.13984375 0.0828125 0.2515625
2 0.07265625 0.7 0.06875 0.10390625
0 0.209375 0.025 0.14921875 0.05
0 0.20546875 0.45859375 0.15703125 0.22421875