0 0.7875 0.80390625 0.17578125 0.246875
0 0.078125 0.78984375 0.15625 0.19140625
0 0.053125 0.06875 0.10625 0.13203125
2 0.84921875 0.646875 0.0578125 0.06875
0 0.821875 0.34453125 0.1859375 0.21875
0 0.78046875 0.0671875 0.25 0.13359375
0 0.22265625 0.29921875 0.20078125 0.21640625
0 0.58828125 0.071875 0.2046875 0.14375
0 0.82890625 0.55703125 0.178125 0.21640625
0 0.03203125 0.18203125 0.0640625 0.19375
0 0.94765625 0.9015625 0.10390625 0.18828125
1 0.0828125 0.5375 0.165625 0.275
0 0.4203125 0.93125 0.15625 0.1375
0 0.61875 0.83828125 0.25390625 0.2765625
0 0.45859375 0.28203125 0.16015625 0.29140625
0 0.640625 0.31015625 0.1640625 0.26328125
0 0.3765625 0.6796875 0.240625 0.1765625
0 0.26015625 0.8390625 0.14375 0.2375
0 0.59921875 0.64453125 0.12421875 0.1265625
0 0.703125 0.6140625 0.1390625 0.21953125
0 0.0796875 0.9515625 0.159375 0.096875