0 0.37265625 0.1015625 0.1796875 0.203125
0 0.54921875 0.1484375 0.16171875 0.20703125
0 0.59765625 0.76640625 0.159375 0.24140625
0 0.2390625 0.12890625 0.171875 0.2578125
0 0.765625 0.8859375 0.184375 0.228125
0 0.065625 0.7515625 0.13125 0.20703125
0 0.02578125 0.921875 0.0515625 0.14765625
0 0.9265625 0.88828125 0.146875 0.1875
2 0.575 0.4609375 0.0625 0.07578125
0 0.1046875 0.35078125 0.178125 0.31484375
0 0.87265625 0.05703125 0.2359375 0.1140625
0 0.45234375 0.43671875 0.1640625 0.2203125
0 0.96640625 0.11015625 0.0671875 0.2140625
0 0.903125 0.3453125 0.18359375 0.24296875
0 0.675 0.03515625 0.234375 0.0703125
1 0.36796875 0.74296875 0.22890625 0.32734375
0 0.8546875 0.55390625 0.1875 0.16171875
0 0.9046875 0.65703125 0.184375 0.221875