0 0.70390625 0.08984375 0.184375 0.17421875
0 0.12734375 0.62265625 0.18515625 0.2546875
0 0.51796875 0.84609375 0.178125 0.23046875
0 0.6875 0.25859375 0.1796875 0.22421875
0 0.9390625 0.07578125 0.121875 0.1515625
0 0.85078125 0.45078125 0.16875 0.278125
0 0.6921875 0.49140625 0.15390625 0.24609375
0 0.85078125 0.1109375 0.16171875 0.21953125
0 0.878125 0.71640625 0.1796875 0.240625
0 0.51484375 0.56796875 0.16328125 0.2421875
0 0.9 0.23046875 0.196875 0.184375
0 0.96171875 0.90703125 0.0765625 0.17265625
0 0.27421875 0.08203125 0.2390625 0.1640625
0 0.04453125 0.82421875 0.0890625 0.19375
0 0.38671875 0.70546875 0.19375 0.23125
1 0.26484375 0.35390625 0.30859375 0.40703125
0 0.08671875 0.13203125 0.1609375 0.26328125
0 0.1125 0.91875 0.19765625 0.16171875
0 0.69375 0.9046875 0.1875 0.190625
0 0.86328125 0.9171875 0.14765625 0.16484375