0 0.43671875 0.08984375 0.16875 0.1796875
2 0.42265625 0.225 0.059375 0.090625
0 0.690625 0.09453125 0.16796875 0.18828125
0 0.10078125 0.70859375 0.15234375 0.18515625
0 0.2390625 0.09921875 0.1625 0.1984375
2 0.5953125 0.66953125 0.06796875 0.1
0 0.95390625 0.090625 0.0921875 0.175
0 0.56640625 0.22734375 0.17265625 0.21953125
1 0.5875 0.8265625 0.19296875 0.2109375
0 0.28515625 0.6734375 0.16640625 0.1703125
0 0.0890625 0.92734375 0.1671875 0.1453125
0 0.3546875 0.86953125 0.24296875 0.184375
0 0.4703125 0.653125 0.13125 0.1546875
0 0.628125 0.50859375 0.14609375 0.16640625
0 0.85390625 0.2953125 0.13515625 0.16875