0 0.22265625 0.08671875 0.16171875 0.16953125
0 0.3515625 0.82578125 0.14453125 0.18046875
0 0.40234375 0.1765625 0.15 0.2140625
0 0.7859375 0.41328125 0.17265625 0.240625
0 0.33203125 0.3875 0.13515625 0.19453125
0 0.76484375 0.6453125 0.165625 0.25625
0 0.52578125 0.6375 0.159375 0.22734375
0 0.7921875 0.05703125 0.22578125 0.11328125
2 0.88125 0.26796875 0.06953125 0.09453125
0 0.7 0.8546875 0.23359375 0.271875
0 0.965625 0.07109375 0.06796875 0.14140625
0 0.1484375 0.4484375 0.2453125 0.24765625
0 0.97109375 0.39140625 0.0578125 0.23515625
0 0.57578125 0.37734375 0.2140625 0.26953125
0 0.5453125 0.83671875 0.12265625 0.20703125
1 0.10390625 0.69609375 0.2078125 0.3421875
0 0.0734375 0.23515625 0.13671875 0.1828125