0 0.109375 0.7625 0.1421875 0.20703125
0 0.440625 0.13203125 0.1953125 0.2640625
0 0.80078125 0.51875 0.17421875 0.22890625
0 0.340625 0.45625 0.178125 0.2203125
0 0.521875 0.84453125 0.15390625 0.190625
0 0.66015625 0.1890625 0.15234375 0.19765625
0 0.85625 0.25703125 0.240625 0.25078125
0 0.88828125 0.0828125 0.18359375 0.1578125
0 0.190625 0.41015625 0.2296875 0.28203125
0 0.10078125 0.1953125 0.1828125 0.2046875
0 0.91640625 0.75625 0.15625 0.19609375
0 0.61015625 0.03671875 0.18828125 0.0734375
0 0.15546875 0.8984375 0.12578125 0.196875
0 0.6890625 0.62734375 0.17421875 0.2203125
0 0.903125 0.9125 0.18828125 0.17421875
0 0.2890625 0.10234375 0.2203125 0.20390625
0 0.2578125 0.6859375 0.18203125 0.24140625
0 0.0515625 0.621875 0.103125 0.1875
1 0.30859375 0.91171875 0.14140625 0.17578125
2 0.59140625 0.20390625 0.0296875 0.04453125