0 0.82109375 0.49921875 0.16796875 0.23515625
0 0.65703125 0.5484375 0.15546875 0.2703125
0 0.903125 0.8546875 0.178125 0.2171875
0 0.76015625 0.8125 0.1734375 0.22265625
0 0.275 0.85859375 0.14296875 0.20078125
0 0.42578125 0.90546875 0.16796875 0.18046875
0 0.26171875 0.178125 0.16640625 0.20703125
0 0.37421875 0.08359375 0.178125 0.16484375
0 0.14140625 0.05390625 0.17421875 0.1078125
0 0.684375 0.1203125 0.16875 0.22890625
0 0.153125 0.3125 0.146875 0.2015625
0 0.03515625 0.17578125 0.0703125 0.240625
0 0.56953125 0.70703125 0.17109375 0.22421875
2 0.71328125 0.3453125 0.06640625 0.11328125
0 0.52421875 0.09375 0.21328125 0.18046875
0 0.18203125 0.703125 0.184375 0.21015625
0 0.37265625 0.66171875 0.2421875 0.246875
0 0.95625 0.43046875 0.0875 0.1953125
0 0.9421875 0.6 0.115625 0.203125
0 0.76171875 0.03671875 0.1765625 0.07265625
2 0.20625 0.40234375 0.0671875 0.08203125
0 0.07421875 0.93828125 0.13984375 0.11796875
1 0.45390625 0.35078125 0.35625 0.4
2 0.209375 0.465625 0.09375 0.0953125
0 0.078125 0.553125 0.14375 0.39609375
2 0.84453125 0.35859375 0.06171875 0.0828125
0 0.684375 0.9375 0.2125 0.125