0 0.1953125 0.91328125 0.15703125 0.16484375
0 0.63359375 0.915625 0.1484375 0.1625
0 0.38203125 0.84453125 0.18828125 0.21796875
0 0.88671875 0.4984375 0.1640625 0.21171875
0 0.55859375 0.76484375 0.17109375 0.24609375
0 0.2953125 0.13515625 0.1765625 0.2703125
0 0.0671875 0.1015625 0.134375 0.196875
0 0.825 0.215625 0.14453125 0.1734375
0 0.93828125 0.9296875 0.1203125 0.140625
0 0.234375 0.5765625 0.16484375 0.2421875
0 0.7953125 0.8875 0.196875 0.225
0 0.9171875 0.28984375 0.15546875 0.23671875
0 0.05625 0.68671875 0.1125 0.2171875
0 0.39453125 0.615625 0.1921875 0.25078125
0 0.971875 0.63515625 0.05625 0.190625
0 0.07421875 0.434375 0.1484375 0.26875
0 0.7484375 0.28046875 0.16875 0.28828125
0 0.70859375 0.5046875 0.1765625 0.209375
1 0.51640625 0.32734375 0.32265625 0.425