0 0.109375 0.10390625 0.13125 0.19296875
0 0.24140625 0.09765625 0.2171875 0.1890625
0 0.86328125 0.9296875 0.14765625 0.134375
0 0.3921875 0.72734375 0.209375 0.20625
0 0.3625 0.3078125 0.13828125 0.1890625
0 0.878125 0.34375 0.14296875 0.1734375
0 0.1375 0.5921875 0.15390625 0.1875
0 0.94140625 0.71875 0.109375 0.18671875
1 0.65390625 0.17734375 0.2890625 0.35390625
0 0.4765625 0.47734375 0.14609375 0.21328125
2 0.31953125 0.87890625 0.065625 0.1
0 0.1828125 0.34921875 0.18046875 0.275
0 0.8296875 0.5875 0.1578125 0.196875
0 0.09765625 0.82265625 0.17890625 0.32734375