0 0.853125 0.12265625 0.17109375 0.24296875
0 0.11171875 0.24375 0.1765625 0.20546875
0 0.35546875 0.3 0.1765625 0.2234375
0 0.1375 0.78125 0.1578125 0.2
0 0.5875 0.2 0.16015625 0.1875
0 0.60859375 0.053125 0.146875 0.10546875
0 0.46640625 0.81171875 0.19375 0.22578125
0 0.78828125 0.6453125 0.16015625 0.19453125
0 0.23984375 0.63125 0.15625 0.2140625
0 0.31796875 0.4359375 0.1546875 0.20234375
0 0.64453125 0.846875 0.15859375 0.19453125
0 0.12109375 0.44765625 0.153125 0.18125
0 0.95859375 0.24609375 0.0828125 0.21640625
0 0.83515625 0.34609375 0.165625 0.171875
0 0.19140625 0.05859375 0.1359375 0.11640625
0 0.865625 0.5140625 0.18046875 0.2171875
0 0.928125 0.72578125 0.13359375 0.2546875
0 0.3171875 0.82265625 0.16953125 0.1890625
0 0.815625 0.93984375 0.17265625 0.1203125
1 0.55859375 0.49609375 0.33046875 0.4109375
0 0.23125 0.94609375 0.175 0.08828125
0 0.0515625 0.9578125 0.103125 0.084375