1 0.5390625 0.47421875 0.30859375 0.40546875
0 0.18203125 0.05703125 0.1390625 0.1140625
0 0.11953125 0.13359375 0.12421875 0.1453125
0 0.2484375 0.34921875 0.13046875 0.19453125
0 0.23359375 0.53515625 0.175 0.23671875
0 0.30703125 0.73203125 0.15 0.17109375
0 0.24296875 0.878125 0.1453125 0.171875
0 0.06015625 0.79140625 0.1203125 0.2109375
0 0.2046875 0.94765625 0.171875 0.1046875
0 0.528125 0.77734375 0.16484375 0.17890625
0 0.5140625 0.92890625 0.159375 0.1421875
0 0.8046875 0.7765625 0.19296875 0.1609375
0 0.8796875 0.32265625 0.21875 0.15234375
0 0.92890625 0.56015625 0.1421875 0.18671875
0 0.92890625 0.07578125 0.1421875 0.15078125
0 0.92265625 0.89921875 0.14921875 0.2015625
0 0.74375 0.91015625 0.159375 0.1796875
0 0.6203125 0.759375 0.11640625 0.16171875
0 0.10625 0.31953125 0.12421875 0.19140625
2 0.11875 0.49140625 0.06875 0.090625
2 0.6984375 0.06328125 0.04765625 0.0703125
2 0.8046875 0.13984375 0.0390625 0.0734375