0 0.8078125 0.26875 0.190625 0.23125
0 0.72734375 0.8203125 0.15 0.221875
0 0.9078125 0.88125 0.14765625 0.18125
0 0.8796875 0.67421875 0.16640625 0.20234375
0 0.36484375 0.5265625 0.19765625 0.25546875
0 0.91015625 0.43828125 0.16875 0.2125
0 0.903125 0.0828125 0.18515625 0.16171875
0 0.628125 0.18359375 0.15234375 0.18671875
0 0.62109375 0.375 0.15 0.23125
0 0.34921875 0.10859375 0.16640625 0.2109375
0 0.09921875 0.49140625 0.19765625 0.2484375
2 0.95234375 0.31953125 0.06171875 0.09140625
0 0.25 0.234375 0.196875 0.40234375
1 0.38984375 0.83203125 0.2984375 0.3359375
0 0.15703125 0.828125 0.1453125 0.34375
0 0.5828125 0.57578125 0.16875 0.2953125
0 0.0890625 0.871875 0.1703125 0.25546875
0 0.1984375 0.08671875 0.22890625 0.15
0 0.603125 0.08359375 0.2046875 0.1234375