0 0.74609375 0.26796875 0.2109375 0.234375
0 0.915625 0.66015625 0.159375 0.22421875
0 0.175 0.11015625 0.1578125 0.20859375
0 0.584375 0.0625 0.22109375 0.125
0 0.7734375 0.06796875 0.13984375 0.1328125
0 0.6375 0.45703125 0.1765625 0.2078125
0 0.625 0.8234375 0.140625 0.18671875
0 0.91953125 0.23984375 0.15234375 0.20390625
0 0.54140625 0.29765625 0.171875 0.29140625
0 0.41015625 0.7484375 0.1703125 0.18359375
0 0.35546875 0.2171875 0.21484375 0.22421875
0 0.76171875 0.6546875 0.1625 0.221875
0 0.29453125 0.85390625 0.1515625 0.2921875
0 0.07421875 0.24453125 0.1484375 0.3125
0 0.40703125 0.928125 0.1921875 0.1375
0 0.91953125 0.83046875 0.14609375 0.2046875
0 0.09921875 0.1859375 0.146875 0.1765625
0 0.08828125 0.8796875 0.1765625 0.23984375
1 0.23671875 0.50625 0.3328125 0.528125
0 0.825 0.79921875 0.10234375 0.21171875