0 0.65234375 0.10703125 0.19140625 0.2140625
0 0.571875 0.31640625 0.17265625 0.2375
0 0.90859375 0.33203125 0.17265625 0.2328125
0 0.375 0.6640625 0.1859375 0.19609375
0 0.2609375 0.2890625 0.15078125 0.2234375
0 0.26875 0.85625 0.190625 0.234375
0 0.22109375 0.06796875 0.1671875 0.13515625
0 0.540625 0.54296875 0.16328125 0.22421875
0 0.76953125 0.3 0.18984375 0.20546875
0 0.60390625 0.78984375 0.203125 0.259375
0 0.94140625 0.884375 0.1171875 0.2296875
1 0.7625 0.59140625 0.2921875 0.4296875
0 0.8734375 0.840625 0.1484375 0.2453125
0 0.059375 0.24375 0.11796875 0.1546875