0 0.15703125 0.29921875 0.14765625 0.29453125
0 0.08203125 0.68671875 0.16328125 0.1734375
0 0.06953125 0.8109375 0.1390625 0.159375
0 0.18359375 0.92265625 0.1796875 0.1546875
0 0.31328125 0.89609375 0.18203125 0.2078125
0 0.4203125 0.65625 0.16171875 0.20546875
0 0.575 0.696875 0.134375 0.16015625
0 0.6796875 0.83828125 0.16171875 0.1875
0 0.64453125 0.93984375 0.1796875 0.1203125
0 0.878125 0.88671875 0.125 0.2265625
0 0.81640625 0.95234375 0.10078125 0.0953125
0 0.76484375 0.60546875 0.17265625 0.2890625
0 0.70546875 0.4484375 0.1921875 0.23359375
0 0.61328125 0.32578125 0.21015625 0.2515625
0 0.72734375 0.08671875 0.1734375 0.17265625
0 0.89375 0.17265625 0.15625 0.20703125
0 0.85625 0.06484375 0.19765625 0.1203125
0 0.50859375 0.05625 0.22890625 0.10390625
0 0.11796875 0.0890625 0.23125 0.16484375
0 0.2625 0.04375 0.09375 0.0875
0 0.0609375 0.3703125 0.11484375 0.2359375
0 0.16953125 0.5609375 0.16953125 0.20078125
0 0.271875 0.6859375 0.1625 0.2125
0 0.32109375 0.53515625 0.16015625 0.19921875
1 0.36171875 0.28203125 0.2953125 0.33984375
2 0.5515625 0.59453125 0.04296875 0.0546875
2 0.89453125 0.5765625 0.04453125 0.06953125
2 0.59140625 0.81875 0.03828125 0.0453125
2 0.9640625 0.92734375 0.071875 0.08671875