0 0.275 0.91015625 0.18671875 0.17265625
0 0.4875 0.13515625 0.1765625 0.2
0 0.23984375 0.1109375 0.171875 0.18046875
0 0.865625 0.2125 0.1875 0.1984375
0 0.84921875 0.9375 0.1578125 0.125
0 0.71640625 0.19140625 0.1515625 0.18359375
0 0.09453125 0.10078125 0.16875 0.196875
0 0.9015625 0.4421875 0.16796875 0.27421875
0 0.3328125 0.72421875 0.1734375 0.27421875
0 0.13515625 0.27890625 0.15859375 0.2796875
0 0.9515625 0.85234375 0.09609375 0.1828125
0 0.95625 0.06484375 0.084375 0.12890625
0 0.8171875 0.78046875 0.16328125 0.19140625
0 0.31484375 0.290625 0.15390625 0.1796875
0 0.68671875 0.625 0.20390625 0.2234375
0 0.046875 0.8265625 0.09296875 0.2
2 0.78046875 0.47578125 0.06953125 0.0875
0 0.046875 0.36640625 0.09296875 0.18984375
0 0.6125 0.946875 0.146875 0.10625
0 0.7125 0.03203125 0.1328125 0.0640625
0 0.51171875 0.853125 0.1671875 0.2875
0 0.56640625 0.0390625 0.17109375 0.078125
0 0.23046875 0.52265625 0.15 0.21796875
1 0.46640625 0.47578125 0.321875 0.36640625