0 0.15078125 0.69296875 0.175 0.2734375
0 0.84140625 0.21953125 0.1796875 0.20859375
0 0.66953125 0.4796875 0.1625 0.2046875
0 0.303125 0.73984375 0.13828125 0.1796875
0 0.284375 0.9203125 0.14609375 0.15390625
0 0.52890625 0.121875 0.1921875 0.24375
0 0.0578125 0.06875 0.115625 0.1375
0 0.38359375 0.55859375 0.159375 0.2453125
0 0.240625 0.2671875 0.2046875 0.29921875
0 0.7296875 0.88515625 0.16875 0.22890625
0 0.89921875 0.90625 0.1859375 0.18203125
0 0.82890625 0.6609375 0.1484375 0.18046875
0 0.66328125 0.30078125 0.18046875 0.2109375
0 0.465625 0.35 0.2171875 0.27890625
2 0.47109375 0.6625 0.0671875 0.090625
0 0.11953125 0.86171875 0.1578125 0.175
0 0.9328125 0.36953125 0.134375 0.22265625
0 0.746875 0.08671875 0.11796875 0.16953125
0 0.9609375 0.72265625 0.078125 0.1671875
0 0.03203125 0.55 0.0640625 0.22109375
0 0.3203125 0.09296875 0.221875 0.18515625
0 0.88203125 0.05 0.17265625 0.1
1 0.459375 0.84921875 0.2046875 0.28828125
0 0.85625 0.4265625 0.20859375 0.27109375
0 0.65625 0.9421875 0.1375 0.115625