0 0.33359375 0.0546875 0.1890625 0.109375
0 0.203125 0.79140625 0.16875 0.26640625
0 0.15390625 0.084375 0.259375 0.16875
1 0.40625 0.71875 0.19375 0.30625
0 0.915625 0.0890625 0.15 0.16875
0 0.8859375 0.3828125 0.1984375 0.25625
0 0.446875 0.23203125 0.21484375 0.19140625
0 0.61640625 0.4828125 0.38671875 0.1859375
0 0.21796875 0.43125 0.25234375 0.10390625
0 0.2640625 0.5796875 0.1359375 0.1359375
0 0.071875 0.8171875 0.1421875 0.3265625
0 0.0671875 0.484375 0.12265625 0.18203125
0 0.1765625 0.2734375 0.121875 0.16953125
0 0.87890625 0.66015625 0.109375 0.25625
0 0.978125 0.8234375 0.04375 0.23515625