0 0.31953125 0.3921875 0.19375 0.25078125
0 0.72421875 0.7328125 0.16015625 0.21875
0 0.64921875 0.25 0.16953125 0.22421875
0 0.30078125 0.628125 0.18671875 0.2359375
1 0.378125 0.14296875 0.27421875 0.2859375
0 0.51875 0.86875 0.1671875 0.22265625
0 0.490625 0.4921875 0.209375 0.23828125
0 0.60390625 0.0796875 0.184375 0.15546875
0 0.47890625 0.2953125 0.16171875 0.246875
0 0.828125 0.89140625 0.13984375 0.20703125
0 0.86640625 0.56328125 0.16796875 0.23984375
0 0.67109375 0.9296875 0.1453125 0.134375
0 0.31875 0.83046875 0.19375 0.2265625
0 0.028125 0.2171875 0.05546875 0.27265625
0 0.0171875 0.71640625 0.02890625 0.13125
0 0.184375 0.83203125 0.18046875 0.1625
0 0.196875 0.97421875 0.15234375 0.05078125
0 0.40234375 0.965625 0.13671875 0.06796875
0 0.88125 0.03671875 0.16796875 0.0734375
0 0.94453125 0.32578125 0.1109375 0.28203125
0 0.9546875 0.59375 0.090625 0.16796875
0 0.95546875 0.8625 0.0890625 0.25859375