0 0.22734375 0.121875 0.1734375 0.22578125
0 0.4796875 0.12578125 0.18046875 0.24921875
0 0.95078125 0.1015625 0.0984375 0.190625
0 0.6421875 0.35703125 0.2234375 0.21953125
0 0.3890625 0.71796875 0.15625 0.3578125
0 0.1546875 0.87890625 0.1796875 0.23984375
0 0.3 0.31953125 0.153125 0.20625
0 0.78671875 0.2125 0.15703125 0.2796875
0 0.9125 0.778125 0.16328125 0.240625
0 0.13359375 0.38359375 0.17734375 0.26875
0 0.9453125 0.44921875 0.109375 0.1625
0 0.25 0.5359375 0.23515625 0.26171875
2 0.50234375 0.5234375 0.07109375 0.09296875
1 0.61015625 0.659375 0.26953125 0.3890625
0 0.81171875 0.9078125 0.2125 0.18359375
0 0.9296875 0.3265625 0.1328125 0.2046875