0 0.51171875 0.3359375 0.18359375 0.23359375
0 0.08203125 0.10546875 0.159375 0.2109375
0 0.84609375 0.09609375 0.1703125 0.1921875
0 0.66484375 0.08359375 0.17421875 0.165625
0 0.19765625 0.39453125 0.12890625 0.1828125
0 0.94296875 0.74296875 0.1140625 0.21484375
0 0.7359375 0.50859375 0.1640625 0.2
0 0.07734375 0.88515625 0.15234375 0.20703125
0 0.1109375 0.646875 0.171875 0.2171875
0 0.31953125 0.53984375 0.15625 0.2171875
2 0.3328125 0.23203125 0.08203125 0.1
0 0.23515625 0.15234375 0.159375 0.26171875
0 0.95546875 0.27421875 0.08828125 0.19921875
0 0.5390625 0.55703125 0.1828125 0.22578125
0 0.54375 0.1671875 0.1796875 0.23125
0 0.76171875 0.80546875 0.14921875 0.2140625
2 0.371875 0.05703125 0.08359375 0.1078125
0 0.2796875 0.76640625 0.15625 0.196875
0 0.02578125 0.334375 0.0515625 0.21875
0 0.275 0.940625 0.1453125 0.11875
1 0.48671875 0.8234375 0.2859375 0.353125
0 0.8484375 0.83828125 0.16171875 0.24921875