0 0.76015625 0.12265625 0.1765625 0.24453125
0 0.17578125 0.58203125 0.1671875 0.24140625
2 0.59921875 0.49296875 0.06640625 0.078125
0 0.48515625 0.77734375 0.15859375 0.24375
0 0.9390625 0.08046875 0.12109375 0.16015625
2 0.53828125 0.33515625 0.053125 0.0625
0 0.4875 0.20546875 0.17734375 0.21171875
0 0.259375 0.8578125 0.2 0.284375
0 0.89453125 0.6875 0.20234375 0.2453125
0 0.65625 0.621875 0.20078125 0.3
0 0.0890625 0.290625 0.178125 0.26484375
0 0.875 0.490625 0.1890625 0.1953125
0 0.95703125 0.909375 0.0859375 0.16875
0 0.0703125 0.940625 0.140625 0.11875
0 0.6765625 0.3703125 0.13828125 0.22578125
0 0.85234375 0.8796875 0.1515625 0.2265625
0 0.39765625 0.95390625 0.1578125 0.0921875
0 0.7734375 0.76171875 0.15703125 0.1875
1 0.27734375 0.15859375 0.175 0.24296875
0 0.06875 0.58984375 0.1375 0.1296875
0 0.93671875 0.37578125 0.1265625 0.28984375
0 0.1953125 0.08671875 0.22109375 0.16171875