0 0.15625 0.21328125 0.18671875 0.3515625
0 0.22734375 0.79921875 0.1703125 0.209375
0 0.76953125 0.09921875 0.13984375 0.19609375
0 0.70703125 0.55625 0.1625 0.19453125
0 0.63359375 0.71328125 0.1328125 0.184375
0 0.903125 0.7609375 0.190625 0.30234375
0 0.88671875 0.090625 0.134375 0.18046875
0 0.95625 0.0421875 0.08125 0.084375
0 0.52578125 0.26328125 0.2375 0.16796875
0 0.58125 0.10859375 0.09140625 0.1796875
0 0.3265625 0.39375 0.13984375 0.1875
0 0.45 0.2796875 0.15625 0.19765625
0 0.05234375 0.3984375 0.10390625 0.16328125
0 0.428125 0.90546875 0.1640625 0.18046875
0 0.77734375 0.93515625 0.146875 0.10546875
0 0.94921875 0.365625 0.10078125 0.19921875
0 0.88515625 0.51953125 0.1484375 0.1765625
1 0.4828125 0.60625 0.19140625 0.23671875
2 0.628125 0.42265625 0.03359375 0.03125
2 0.59140625 0.8578125 0.03671875 0.04609375
2 0.80234375 0.2109375 0.040625 0.03515625
2 0.5828125 0.52109375 0.01953125 0.04296875
2 0.39921875 0.76015625 0.0234375 0.0234375