0 0.66328125 0.76484375 0.1546875 0.18984375
0 0.10234375 0.53203125 0.19296875 0.25
0 0.76640625 0.4078125 0.16015625 0.215625
0 0.26953125 0.9234375 0.16171875 0.14765625
0 0.24609375 0.54296875 0.16796875 0.24375
1 0.5046875 0.26796875 0.27890625 0.39765625
0 0.44609375 0.0390625 0.1390625 0.078125
0 0.8671875 0.78359375 0.18984375 0.2140625
0 0.31328125 0.77734375 0.21875 0.2578125
0 0.95546875 0.62734375 0.0890625 0.2390625
0 0.31015625 0.3140625 0.14375 0.2328125
0 0.7265625 0.62734375 0.17265625 0.23203125
0 0.07265625 0.175 0.1453125 0.3125
0 0.61796875 0.03125 0.1640625 0.0625
0 0.18203125 0.13203125 0.16796875 0.2265625
0 0.3375 0.528125 0.14921875 0.2078125
0 0.89296875 0.4578125 0.16015625 0.209375
0 0.84375 0.18515625 0.15546875 0.209375
0 0.7421875 0.1875 0.13359375 0.21484375
0 0.1359375 0.82109375 0.2078125 0.19453125
0 0.60390625 0.9421875 0.2765625 0.115625
2 0.57734375 0.69140625 0.04609375 0.05234375
2 0.0921875 0.3796875 0.08125 0.05859375