0 0.71875 0.72265625 0.12890625 0.1828125
0 0.828125 0.9359375 0.15703125 0.12109375
0 0.653125 0.14296875 0.178125 0.21328125
0 0.54453125 0.1890625 0.14609375 0.19296875
0 0.4671875 0.59375 0.165625 0.2
0 0.0546875 0.11015625 0.109375 0.20859375
0 0.14921875 0.58125 0.16484375 0.2296875
0 0.5984375 0.66015625 0.1578125 0.2
0 0.78125 0.5734375 0.1625 0.1984375
0 0.90390625 0.4734375 0.18828125 0.2484375
0 0.2359375 0.35 0.17578125 0.234375
0 0.8046875 0.23125 0.13671875 0.20078125
0 0.93984375 0.16484375 0.1203125 0.25078125
0 0.3625 0.70078125 0.1359375 0.17265625
0 0.66875 0.33515625 0.22890625 0.203125
1 0.98046875 0.903125 0.0390625 0.18984375
1 0.31640625 0.12265625 0.221875 0.2453125
0 0.2921875 0.4890625 0.15625 0.265625
0 0.909375 0.08125 0.1375 0.1625
0 0.84609375 0.09765625 0.1765625 0.18828125
0 0.11640625 0.36875 0.2296875 0.31796875