0 0.17109375 0.91015625 0.14921875 0.17109375
0 0.36953125 0.34921875 0.15546875 0.2125
0 0.52265625 0.16171875 0.18046875 0.22578125
0 0.1203125 0.0578125 0.16484375 0.11484375
0 0.69765625 0.8609375 0.16875 0.18984375
0 0.640625 0.334375 0.153125 0.23046875
0 0.7609375 0.47109375 0.16015625 0.21484375
0 0.21640625 0.309375 0.15546875 0.21796875
0 0.94140625 0.471875 0.1171875 0.18984375
0 0.06796875 0.5875 0.13515625 0.2015625
0 0.43671875 0.03203125 0.1359375 0.0640625
0 0.259375 0.17890625 0.13828125 0.20546875
0 0.06015625 0.36640625 0.1203125 0.19140625
0 0.95859375 0.06796875 0.0828125 0.13125
0 0.053125 0.80078125 0.10625 0.19921875
0 0.21875 0.53203125 0.159375 0.19296875
0 0.4078125 0.86640625 0.21640625 0.2640625
0 0.21640625 0.6734375 0.17734375 0.16796875
0 0.81484375 0.69375 0.1609375 0.1734375
1 0.4515625 0.60703125 0.25234375 0.3890625