0 0.221875 0.38203125 0.15859375 0.21796875
0 0.80234375 0.72109375 0.17265625 0.1953125
0 0.88125 0.3140625 0.17890625 0.1953125
0 0.290625 0.1203125 0.19140625 0.2203125
0 0.83046875 0.91484375 0.1484375 0.16328125
0 0.68125 0.621875 0.1578125 0.2046875
0 0.40546875 0.6828125 0.14453125 0.196875
0 0.94609375 0.184375 0.1078125 0.19375
0 0.26484375 0.61640625 0.153125 0.21953125
0 0.86875 0.03046875 0.1875 0.06015625
0 0.45546875 0.43828125 0.1453125 0.2109375
0 0.96015625 0.525 0.0796875 0.2
0 0.0359375 0.6078125 0.07109375 0.17734375
0 0.04921875 0.40390625 0.0984375 0.2
0 0.71015625 0.32421875 0.184375 0.20703125
0 0.05 0.11171875 0.1 0.2234375
0 0.640625 0.39453125 0.1984375 0.28125
0 0.03671875 0.80078125 0.0734375 0.2453125
0 0.17890625 0.1390625 0.13203125 0.24609375
0 0.93515625 0.75546875 0.121875 0.2265625
1 0.19375 0.8625 0.2578125 0.275