0 0.84296875 0.38984375 0.20859375 0.2390625
0 0.125 0.22890625 0.11640625 0.1609375
0 0.24375 0.125 0.225 0.24375
0 0.49140625 0.5828125 0.128125 0.1984375
0 0.85234375 0.853125 0.2078125 0.26171875
0 0.86640625 0.2140625 0.18125 0.22578125
0 0.54453125 0.33828125 0.18046875 0.2734375
0 0.25078125 0.3921875 0.1765625 0.33828125
2 0.07578125 0.7578125 0.06328125 0.1015625
0 0.32265625 0.05078125 0.1296875 0.1015625
2 0.42578125 0.1953125 0.059375 0.07421875
0 0.965625 0.2921875 0.06875 0.25
0 0.20390625 0.8140625 0.240625 0.371875
1 0.64921875 0.61484375 0.24765625 0.35078125
0 0.3453125 0.9359375 0.159375 0.128125
0 0.56953125 0.81796875 0.22578125 0.23125
0 0.5546875 0.11015625 0.19609375 0.21953125