0 0.26796875 0.47734375 0.20234375 0.25078125
0 0.80546875 0.90546875 0.1640625 0.1796875
0 0.23671875 0.90546875 0.165625 0.178125
0 0.91953125 0.09140625 0.15234375 0.18125
0 0.671875 0.09140625 0.17890625 0.18203125
0 0.43984375 0.103125 0.16953125 0.20625
0 0.84921875 0.38515625 0.175 0.19609375
0 0.2296875 0.0375 0.18125 0.075
0 0.3546875 0.2734375 0.17421875 0.23203125
0 0.1859375 0.23203125 0.14453125 0.2796875
0 0.940625 0.53671875 0.11796875 0.20546875
0 0.3578125 0.709375 0.1625 0.18671875
0 0.571875 0.846875 0.14765625 0.21484375
0 0.05078125 0.29609375 0.1015625 0.25859375
0 0.9546875 0.90625 0.08984375 0.1796875
0 0.04140625 0.54609375 0.0828125 0.2171875
0 0.02578125 0.78046875 0.0515625 0.2421875
0 0.08046875 0.91640625 0.140625 0.159375
0 0.14375 0.70078125 0.17265625 0.2640625
1 0.5578125 0.525 0.290625 0.440625
0 0.55 0.03828125 0.134375 0.0765625
2 0.34296875 0.8515625 0.05078125 0.059375
0 0.04453125 0.046875 0.0890625 0.09375
0 0.81640625 0.69140625 0.225 0.23515625