0 0.6140625 0.0828125 0.20859375 0.16328125
0 0.1078125 0.515625 0.18359375 0.25078125
0 0.4125 0.1921875 0.178125 0.24140625
0 0.2546875 0.64296875 0.17578125 0.21171875
0 0.06875 0.8890625 0.128125 0.2140625
0 0.21328125 0.8578125 0.165625 0.20234375
0 0.2515625 0.23359375 0.17109375 0.18984375
0 0.58515625 0.2859375 0.228125 0.21796875
0 0.8578125 0.890625 0.18203125 0.21171875
0 0.9125 0.13046875 0.16796875 0.253125
0 0.72578125 0.46796875 0.159375 0.2890625
0 0.06171875 0.16328125 0.1234375 0.22578125
0 0.73359375 0.303125 0.14296875 0.1640625
0 0.14296875 0.0765625 0.1265625 0.153125
0 0.29609375 0.9453125 0.178125 0.10859375
0 0.3640625 0.42109375 0.15859375 0.24140625
0 0.89375 0.33828125 0.1484375 0.1953125
0 0.93828125 0.73046875 0.11328125 0.271875
0 0.06015625 0.6734375 0.1203125 0.19375
2 0.1625 0.39765625 0.0625 0.11015625
0 0.95 0.90078125 0.1 0.18515625
0 0.9671875 0.31640625 0.065625 0.23359375
0 0.46875 0.040625 0.21875 0.08125
1 0.553125 0.55703125 0.21171875 0.33046875
0 0.4265625 0.74765625 0.165625 0.215625
0 0.57734375 0.8703125 0.25390625 0.2
0 0.75234375 0.74609375 0.1171875 0.20546875