0 0.290625 0.2078125 0.15859375 0.20859375
0 0.13984375 0.88671875 0.1625 0.196875
0 0.584375 0.8890625 0.21328125 0.19296875
0 0.3421875 0.62578125 0.1703125 0.3171875
0 0.57734375 0.08515625 0.21875 0.16328125
0 0.83125 0.38359375 0.1859375 0.2671875
0 0.14453125 0.28671875 0.175 0.24375
0 0.13359375 0.703125 0.14140625 0.19921875
0 0.93828125 0.9375 0.1234375 0.125
1 0.58671875 0.5984375 0.2953125 0.371875
0 0.175 0.0390625 0.1390625 0.078125
0 0.89453125 0.05546875 0.2109375 0.11015625
0 0.46328125 0.81484375 0.14375 0.184375
0 0.9609375 0.2140625 0.078125 0.19375
0 0.41171875 0.06484375 0.1546875 0.12890625
0 0.3765625 0.37578125 0.225 0.24609375
0 0.96015625 0.76640625 0.0796875 0.21953125