0 0.64296875 0.640625 0.1875 0.2140625
0 0.196875 0.2890625 0.12578125 0.1953125
0 0.5046875 0.19375 0.19296875 0.23828125
0 0.315625 0.79140625 0.16328125 0.2515625
0 0.2921875 0.13046875 0.18203125 0.21484375
0 0.478125 0.696875 0.17890625 0.24296875
0 0.06015625 0.89140625 0.1203125 0.1921875
0 0.796875 0.8828125 0.1984375 0.2203125
0 0.6578125 0.86953125 0.1421875 0.2375
0 0.9390625 0.06875 0.121875 0.1375
0 0.0765625 0.08671875 0.15078125 0.17265625
0 0.89453125 0.42890625 0.1609375 0.1921875
0 0.9453125 0.26640625 0.109375 0.22734375
0 0.56875 0.04609375 0.1375 0.0921875
0 0.05 0.30234375 0.1 0.24140625
0 0.16875 0.58515625 0.16953125 0.24453125
0 0.21484375 0.95859375 0.1578125 0.0828125
0 0.72578125 0.24921875 0.228125 0.28984375
0 0.96953125 0.9 0.0609375 0.19453125
0 0.0578125 0.57109375 0.115625 0.275
1 0.3671875 0.4859375 0.2671875 0.47421875
0 0.453125 0.91953125 0.24921875 0.15859375
0 0.64453125 0.3578125 0.1484375 0.1671875