0 0.07265625 0.13984375 0.1453125 0.18515625
0 0.946875 0.33203125 0.10625 0.1640625
2 0.83359375 0.45625 0.06171875 0.1
0 0.44296875 0.08828125 0.1671875 0.17578125
0 0.684375 0.11484375 0.2 0.22890625
0 0.91953125 0.08359375 0.153125 0.16015625
0 0.18671875 0.06015625 0.1734375 0.1203125
0 0.52890625 0.159375 0.14921875 0.1703125
0 0.83515625 0.865625 0.1984375 0.2109375
0 0.3421875 0.70625 0.1890625 0.22421875
1 0.4171875 0.4859375 0.225 0.33984375
0 0.69296875 0.87421875 0.18203125 0.2515625
0 0.61875 0.0625 0.16875 0.125
0 0.21953125 0.42421875 0.15078125 0.2015625
0 0.0296875 0.4671875 0.05859375 0.32578125
0 0.0984375 0.4 0.10859375 0.24921875
0 0.3703125 0.90390625 0.1625 0.1921875
0 0.72265625 0.65078125 0.13515625 0.1421875
0 0.77734375 0.5703125 0.1296875 0.1765625
0 0.940625 0.55390625 0.11875 0.215625
0 0.17421875 0.81328125 0.13828125 0.19296875
0 0.16015625 0.64375 0.15546875 0.19921875