0 0.7671875 0.29609375 0.1890625 0.2453125
0 0.6859375 0.66015625 0.1828125 0.1984375
0 0.871875 0.7328125 0.15859375 0.23203125
0 0.9125 0.10546875 0.165625 0.2109375
0 0.4859375 0.62421875 0.171875 0.20546875
0 0.18046875 0.3359375 0.1421875 0.21484375
0 0.77265625 0.07421875 0.16796875 0.14765625
0 0.8828125 0.4515625 0.146875 0.21640625
0 0.08671875 0.61796875 0.1640625 0.29375
0 0.42421875 0.30703125 0.17109375 0.31171875
2 0.3125 0.40078125 0.05625 0.10625
0 0.91328125 0.9109375 0.16640625 0.17109375
0 0.0734375 0.08515625 0.13359375 0.16328125
1 0.25078125 0.8109375 0.27734375 0.378125
0 0.965625 0.59375 0.06875 0.209375
0 0.515625 0.05078125 0.15859375 0.10078125
0 0.05 0.2171875 0.09921875 0.23515625
0 0.6140625 0.36328125 0.1234375 0.20078125
2 0.55 0.47421875 0.05703125 0.06796875
0 0.4015625 0.05546875 0.15078125 0.1109375
2 0.67578125 0.86328125 0.0453125 0.05859375
0 0.02890625 0.45078125 0.05703125 0.19921875
0 0.1703125 0.075 0.03515625 0.06484375