0 0.6671875 0.75234375 0.15546875 0.20234375
0 0.38125 0.11953125 0.190625 0.23515625
0 0.5625 0.2109375 0.17265625 0.20859375
0 0.5515625 0.88984375 0.1375 0.178125
0 0.95 0.70625 0.09921875 0.20390625
0 0.665625 0.05546875 0.15234375 0.1109375
0 0.22890625 0.26953125 0.1390625 0.21953125
0 0.6890625 0.546875 0.15703125 0.190625
0 0.8546875 0.06484375 0.146875 0.1296875
0 0.36875 0.35 0.165625 0.24375
0 0.828125 0.85078125 0.15625 0.20234375
0 0.1734375 0.92890625 0.1640625 0.13515625
0 0.6625 0.3734375 0.1703125 0.20703125
0 0.38515625 0.73046875 0.16484375 0.19921875
0 0.0546875 0.28125 0.109375 0.21875
0 0.91328125 0.28125 0.16640625 0.309375
2 0.27578125 0.70703125 0.08203125 0.1421875
0 0.06484375 0.8359375 0.1296875 0.25
0 0.4890625 0.05 0.17265625 0.1
0 0.40546875 0.95 0.1609375 0.1
1 0.15 0.5171875 0.3 0.39609375