0 0.48984375 0.3140625 0.18828125 0.259375
0 0.63828125 0.77109375 0.190625 0.20390625
2 0.39375 0.39375 0.07421875 0.078125
0 0.24375 0.52109375 0.196875 0.2421875
0 0.78203125 0.06640625 0.1359375 0.1328125
2 0.5765625 0.45 0.0734375 0.08359375
0 0.1046875 0.59140625 0.1265625 0.1609375
0 0.9078125 0.259375 0.15546875 0.20703125
0 0.965625 0.78671875 0.06875 0.23984375
1 0.1828125 0.85078125 0.1953125 0.29765625
0 0.83125 0.6203125 0.2421875 0.2453125
0 0.38515625 0.03828125 0.1796875 0.0765625
2 0.73359375 0.1546875 0.04375 0.0484375
0 0.24921875 0.3390625 0.22578125 0.259375
2 0.30859375 0.10859375 0.05078125 0.06953125
0 0.5421875 0.94453125 0.209375 0.11015625
0 0.96015625 0.49921875 0.0796875 0.2625
0 0.09375 0.0484375 0.17734375 0.096875
0 0.43359375 0.6375 0.17265625 0.16796875
0 0.8078125 0.95703125 0.19765625 0.0859375
0 0.02578125 0.39921875 0.03984375 0.57421875