0 0.18515625 0.89140625 0.16171875 0.21640625
0 0.58359375 0.8984375 0.175 0.1984375
0 0.19296875 0.5265625 0.19140625 0.225
0 0.53125 0.09140625 0.1484375 0.18203125
0 0.40390625 0.92421875 0.1890625 0.14609375
0 0.9140625 0.503125 0.14609375 0.20703125
0 0.45703125 0.56484375 0.15234375 0.215625
0 0.73203125 0.0515625 0.215625 0.103125
0 0.31953125 0.7125 0.15546875 0.29921875
0 0.03828125 0.91328125 0.0765625 0.16015625
0 0.22265625 0.04609375 0.159375 0.0921875
0 0.8125 0.6671875 0.16953125 0.23828125
0 0.10625 0.2953125 0.15390625 0.2296875
0 0.95625 0.08359375 0.0875 0.1671875
0 0.9671875 0.6796875 0.065625 0.2390625
0 0.40234375 0.0390625 0.19375 0.078125
0 0.6453125 0.6421875 0.184375 0.290625
0 0.67734375 0.59921875 0.13984375 0.1875
1 0.34140625 0.26796875 0.28125 0.4140625
1 0.609375 0.36484375 0.2453125 0.32109375
0 0.79296875 0.2 0.14375 0.2015625
2 0.97421875 0.8375 0.0515625 0.0625
2 0.7046875 0.9671875 0.034375 0.065625