0 0.85703125 0.58984375 0.13671875 0.21875
0 0.91171875 0.7828125 0.16875 0.1875
0 0.7234375 0.3953125 0.1515625 0.26328125
0 0.60703125 0.1953125 0.1875 0.21796875
0 0.22109375 0.75078125 0.1765625 0.21328125
0 0.559375 0.078125 0.15625 0.15390625
0 0.57734375 0.91484375 0.18984375 0.16328125
0 0.17265625 0.0953125 0.14921875 0.18984375
0 0.1453125 0.5078125 0.17265625 0.2640625
0 0.52109375 0.38515625 0.16796875 0.2125
0 0.95390625 0.44609375 0.09140625 0.19921875
1 0.6046875 0.66328125 0.29609375 0.421875
0 0.29609375 0.93671875 0.18125 0.1265625
0 0.28046875 0.190625 0.16015625 0.240625
0 0.3671875 0.75703125 0.18359375 0.30859375
0 0.115625 0.25703125 0.18125 0.2171875
0 0.80078125 0.09375 0.16953125 0.1828125
0 0.884375 0.23515625 0.2265625 0.23515625
0 0.43125 0.43359375 0.15 0.29921875
0 0.334375 0.3796875 0.16875 0.22109375