0 0.73515625 0.47109375 0.21015625 0.234375
0 0.64375 0.69765625 0.1859375 0.25078125
0 0.38828125 0.225 0.159375 0.21171875
0 0.359375 0.784375 0.1703125 0.23203125
0 0.69453125 0.1859375 0.1796875 0.19609375
0 0.259375 0.38046875 0.2015625 0.21796875
0 0.7921875 0.928125 0.16015625 0.13828125
0 0.5265625 0.8890625 0.1890625 0.19140625
0 0.94765625 0.153125 0.1046875 0.2
0 0.1640625 0.7140625 0.1453125 0.21484375
0 0.30078125 0.5921875 0.14921875 0.23515625
1 0.23203125 0.12578125 0.2984375 0.2515625
0 0.0421875 0.5609375 0.084375 0.253125
0 0.81796875 0.046875 0.1453125 0.09375
0 0.95234375 0.9375 0.0921875 0.125