0 0.58671875 0.1140625 0.1703125 0.228125
0 0.44765625 0.15390625 0.17109375 0.2421875
2 0.86328125 0.84140625 0.0609375 0.1
0 0.51171875 0.92265625 0.13515625 0.14765625
2 0.86875 0.2109375 0.084375 0.1421875
0 0.93671875 0.76171875 0.1265625 0.2296875
0 0.8578125 0.4359375 0.21171875 0.28671875
2 0.96875 0.2546875 0.0625 0.1296875
0 0.96328125 0.56171875 0.0734375 0.24765625
0 0.3171875 0.08359375 0.1875 0.16171875
0 0.1296875 0.109375 0.21953125 0.21171875
0 0.575 0.5796875 0.13984375 0.1875
0 0.73671875 0.57578125 0.13828125 0.1921875
0 0.7515625 0.71640625 0.16796875 0.15625
1 0.33515625 0.41015625 0.17265625 0.203125