0 0.72109375 0.478125 0.17109375 0.18125
0 0.2671875 0.85859375 0.1421875 0.18828125
0 0.165625 0.28984375 0.1640625 0.19140625
0 0.1296875 0.0875 0.2140625 0.175
0 0.91328125 0.05625 0.165625 0.1125
0 0.95703125 0.84375 0.0859375 0.209375
0 0.6671875 0.2046875 0.184375 0.253125
0 0.3734375 0.0859375 0.22578125 0.171875
0 0.26796875 0.0515625 0.171875 0.10234375
1 0.4234375 0.49140625 0.19296875 0.315625
0 0.39453125 0.94921875 0.159375 0.10078125
0 0.80234375 0.20546875 0.1796875 0.2234375
2 0.37890625 0.33046875 0.0578125 0.07265625
0 0.4078125 0.73671875 0.2109375 0.246875
0 0.5171875 0.6390625 0.15546875 0.221875
0 0.4875 0.19140625 0.23046875 0.27265625
0 0.13515625 0.67578125 0.16640625 0.20859375