0 0.896875 0.221875 0.171875 0.28203125
0 0.7859375 0.27265625 0.140625 0.1546875
0 0.29921875 0.8046875 0.153125 0.21484375
1 0.3765625 0.41171875 0.21328125 0.2875
0 0.58125 0.37578125 0.12265625 0.1828125
0 0.1921875 0.5203125 0.12578125 0.3359375
0 0.078125 0.5609375 0.0765625 0.15703125
0 0.446875 0.85 0.16953125 0.2546875
0 0.08125 0.0671875 0.1625 0.13359375
0 0.75 0.85390625 0.159375 0.27734375
0 0.79296875 0.60546875 0.14765625 0.2046875
0 0.93125 0.69140625 0.13125 0.24921875
0 0.36171875 0.60546875 0.23828125 0.1859375
0 0.76015625 0.0265625 0.140625 0.0515625
0 0.03046875 0.72109375 0.05625 0.3296875
0 0.02109375 0.21171875 0.0375 0.21328125
0 0.94453125 0.078125 0.1109375 0.13984375
0 0.903125 0.9484375 0.178125 0.103125
0 0.58671875 0.9765625 0.1046875 0.046875
0 0.64765625 0.4828125 0.1359375 0.1828125
0 0.70703125 0.6703125 0.08828125 0.15234375
0 0.615625 0.60859375 0.1046875 0.1375