0 0.646875 0.821875 0.15703125 0.19609375
0 0.85078125 0.84375 0.18125 0.24765625
0 0.1671875 0.128125 0.17890625 0.21953125
0 0.30390625 0.36015625 0.15703125 0.190625
0 0.4125 0.93828125 0.1375 0.12265625
0 0.06171875 0.47265625 0.1234375 0.21640625
0 0.915625 0.55703125 0.16015625 0.17265625
1 0.53359375 0.47578125 0.33984375 0.4609375
0 0.7265625 0.63359375 0.1609375 0.24140625
0 0.31796875 0.55859375 0.1625 0.21640625
0 0.3140625 0.084375 0.16484375 0.16484375
0 0.0328125 0.82890625 0.065625 0.21640625
0 0.43359375 0.0765625 0.19453125 0.146875
0 0.79375 0.9546875 0.19375 0.090625
0 0.465625 0.7546875 0.19375 0.23125
0 0.415625 0.1921875 0.17734375 0.19375
0 0.9671875 0.19453125 0.065625 0.1734375
0 0.934375 0.7921875 0.13125 0.20703125
0 0.953125 0.42265625 0.09375 0.1953125
0 0.16796875 0.93984375 0.2828125 0.1203125
0 0.571875 0.9171875 0.1734375 0.165625