0 0.46796875 0.5453125 0.1609375 0.25390625
0 0.55625 0.290625 0.14765625 0.290625
0 0.8078125 0.38125 0.1765625 0.24453125
2 0.76875 0.5671875 0.05546875 0.1
0 0.71796875 0.8265625 0.22578125 0.29140625
0 0.07890625 0.4265625 0.134375 0.196875
0 0.9609375 0.10390625 0.078125 0.20703125
1 0.35859375 0.31875 0.22109375 0.2859375
0 0.7234375 0.06953125 0.203125 0.1390625
0 0.059375 0.75 0.11796875 0.190625
0 0.0671875 0.9046875 0.134375 0.1828125
0 0.69140625 0.4296875 0.15703125 0.19140625
0 0.93828125 0.2875 0.1234375 0.1875
0 0.98359375 0.54453125 0.03046875 0.15859375
0 0.42890625 0.03359375 0.17265625 0.05859375