0 0.8125 0.059375 0.15234375 0.11796875
0 0.86953125 0.2875 0.2078125 0.22265625
0 0.36015625 0.153125 0.15859375 0.25625
0 0.19609375 0.090625 0.1609375 0.18125
0 0.65703125 0.75625 0.165625 0.209375
0 0.90546875 0.69765625 0.14140625 0.18203125
0 0.69140625 0.578125 0.159375 0.221875
0 0.1453125 0.34296875 0.13359375 0.19921875
0 0.08046875 0.68046875 0.159375 0.2625
0 0.27578125 0.33125 0.15859375 0.21484375
0 0.8984375 0.921875 0.1921875 0.15
0 0.05078125 0.91171875 0.10078125 0.1703125
0 0.49375 0.93203125 0.1625 0.1359375
0 0.5671875 0.0578125 0.16875 0.115625
0 0.6609375 0.91953125 0.1421875 0.153125
0 0.20546875 0.5171875 0.153125 0.19140625
0 0.2078125 0.86640625 0.1484375 0.18203125
0 0.61015625 0.23125 0.13984375 0.20390625
1 0.3671875 0.7140625 0.22734375 0.34921875
0 0.51953125 0.3015625 0.1375 0.2203125
0 0.040625 0.04609375 0.08046875 0.0921875