0 0.16171875 0.75859375 0.203125 0.22109375
0 0.4140625 0.12109375 0.175 0.2421875
0 0.0484375 0.12421875 0.09609375 0.24765625
0 0.7 0.0765625 0.15859375 0.15234375
0 0.83203125 0.86796875 0.25625 0.2578125
0 0.85859375 0.23828125 0.146875 0.17421875
0 0.65 0.7328125 0.1609375 0.24453125
2 0.5015625 0.2359375 0.0859375 0.15
0 0.18203125 0.24921875 0.18359375 0.2625
0 0.6375 0.91171875 0.1859375 0.171875
0 0.03828125 0.88125 0.0765625 0.21640625
0 0.31171875 0.521875 0.15078125 0.25078125
0 0.54921875 0.66875 0.16640625 0.1625
0 0.46171875 0.825 0.15078125 0.19453125
0 0.73984375 0.45546875 0.15703125 0.23515625
0 0.92734375 0.4953125 0.1453125 0.1984375
0 0.87890625 0.66328125 0.15078125 0.20703125
0 0.696875 0.565625 0.14609375 0.1796875
1 0.4984375 0.42734375 0.1609375 0.315625