1 0.303125 0.540625 0.2375 0.31328125
2 0.671875 0.41015625 0.07421875 0.09375
2 0.01640625 0.61640625 0.03203125 0.07421875
0 0.1828125 0.23515625 0.15234375 0.24921875
0 0.309375 0.07734375 0.175 0.1546875
0 0.48984375 0.08046875 0.2421875 0.16015625
0 0.940625 0.1 0.11875 0.18984375
0 0.3765625 0.2328125 0.22109375 0.17734375
0 0.2859375 0.9 0.275 0.19921875
0 0.07734375 0.94765625 0.1484375 0.1046875
0 0.5109375 0.91015625 0.225 0.1796875
0 0.64296875 0.77734375 0.1953125 0.1625
0 0.85078125 0.90390625 0.2078125 0.1921875
0 0.94140625 0.52421875 0.1171875 0.20546875
0 0.76640625 0.61953125 0.22890625 0.18046875
0 0.5296875 0.4734375 0.23359375 0.28359375
0 0.9171875 0.2953125 0.165625 0.23984375
0 0.4453125 0.690625 0.1796875 0.16328125