0 0.7140625 0.91171875 0.1609375 0.16640625
0 0.565625 0.778125 0.1640625 0.20703125
0 0.5546875 0.46796875 0.1828125 0.2125
0 0.61875 0.26796875 0.18125 0.2359375
0 0.5578125 0.075 0.178125 0.15
0 0.125 0.68515625 0.1546875 0.21640625
0 0.92265625 0.11171875 0.14609375 0.21171875
0 0.49140625 0.21875 0.1359375 0.215625
0 0.77890625 0.46640625 0.19609375 0.29296875
0 0.23203125 0.7640625 0.146875 0.21171875
0 0.76171875 0.709375 0.17734375 0.22265625
0 0.0375 0.33828125 0.075 0.19765625
0 0.92421875 0.34921875 0.14375 0.23671875
0 0.7265625 0.11640625 0.1921875 0.2328125
0 0.084375 0.0375 0.16875 0.075
0 0.340625 0.9078125 0.16796875 0.178125
2 0.01953125 0.1 0.0390625 0.08359375
0 0.31796875 0.246875 0.15703125 0.21640625
0 0.05234375 0.55390625 0.1046875 0.2125
0 0.2234375 0.546875 0.14140625 0.240625
0 0.94453125 0.946875 0.1109375 0.10234375
0 0.96953125 0.49609375 0.0609375 0.1734375
0 0.08203125 0.94921875 0.1578125 0.1015625
1 0.403125 0.66015625 0.20078125 0.2421875
0 0.26875 0.3734375 0.11953125 0.09921875
0 0.225 0.9328125 0.19765625 0.134375