0 0.6625 0.4453125 0.1828125 0.253125
0 0.9125 0.70546875 0.16640625 0.21484375
0 0.4875 0.42421875 0.1578125 0.203125
0 0.584375 0.69375 0.2015625 0.278125
0 0.63359375 0.89375 0.19921875 0.20625
0 0.215625 0.84609375 0.15859375 0.18515625
0 0.96953125 0.89453125 0.06015625 0.184375
0 0.5109375 0.034375 0.165625 0.06875
0 0.13671875 0.94921875 0.175 0.1015625
0 0.10234375 0.23984375 0.17421875 0.2421875
0 0.946875 0.11875 0.10625 0.23359375
0 0.74296875 0.67890625 0.1875 0.23203125
0 0.325 0.34296875 0.22734375 0.24453125
0 0.3390625 0.15390625 0.1703125 0.18515625
0 0.940625 0.52734375 0.11875 0.20390625
2 0.1109375 0.89921875 0.0515625 0.0765625
0 0.0390625 0.55390625 0.065625 0.46015625
0 0.109375 0.7390625 0.1390625 0.2328125
1 0.24140625 0.61640625 0.20546875 0.3484375
0 0.85625 0.4578125 0.14296875 0.2265625
0 0.34296875 0.0390625 0.25234375 0.06953125