0 0.36015625 0.1 0.1984375 0.2
0 0.5125 0.21015625 0.15078125 0.2015625
0 0.3796875 0.875 0.15078125 0.1859375
0 0.85546875 0.44453125 0.18984375 0.24296875
0 0.5609375 0.04453125 0.190625 0.0890625
0 0.8671875 0.746875 0.1703125 0.1984375
0 0.759375 0.14921875 0.16328125 0.1828125
0 0.68984375 0.54296875 0.16015625 0.18828125
0 0.2984375 0.28203125 0.1546875 0.18046875
0 0.28515625 0.703125 0.1875 0.30859375
0 0.078125 0.68515625 0.14296875 0.2
0 0.590625 0.64609375 0.178125 0.1984375
0 0.49140625 0.43828125 0.23671875 0.2265625
2 0.90625 0.58984375 0.06953125 0.10625
0 0.0265625 0.78828125 0.053125 0.21328125
0 0.96328125 0.12578125 0.0734375 0.18984375
0 0.0515625 0.06015625 0.103125 0.1203125
0 0.20625 0.05625 0.11953125 0.10390625
0 0.1 0.28828125 0.125 0.2609375
0 0.06484375 0.4671875 0.10703125 0.23046875
0 0.23515625 0.45390625 0.19765625 0.2015625
0 0.5125 0.784375 0.13203125 0.184375
0 0.54296875 0.94609375 0.2 0.103125
0 0.70703125 0.771875 0.1171875 0.2828125
0 0.95859375 0.3859375 0.0828125 0.3046875
1 0.2109375 0.90625 0.315625 0.1875