0 0.85 0.10078125 0.1828125 0.1953125
0 0.5578125 0.10546875 0.15703125 0.1984375
0 0.8640625 0.76484375 0.14453125 0.196875
0 0.11796875 0.5578125 0.15625 0.2296875
1 0.66875 0.684375 0.29765625 0.44921875
0 0.96953125 0.875 0.0609375 0.221875
2 0.9734375 0.30546875 0.053125 0.07265625
0 0.665625 0.3765625 0.21875 0.20546875
0 0.171875 0.15703125 0.1515625 0.18984375
0 0.15 0.81953125 0.14921875 0.2484375
2 0.90859375 0.91328125 0.059375 0.0859375
0 0.0625 0.8765625 0.11875 0.18515625
0 0.334375 0.296875 0.13515625 0.41015625
0 0.51875 0.33984375 0.18203125 0.25390625
0 0.59140625 0.91328125 0.2171875 0.171875
0 0.446875 0.525 0.1375 0.2078125
0 0.78671875 0.94453125 0.1203125 0.1109375
0 0.04921875 0.440625 0.07578125 0.2890625
0 0.66328125 0.0703125 0.13203125 0.140625
0 0.11640625 0.09375 0.13671875 0.1875