0 0.8484375 0.09296875 0.159375 0.18515625
2 0.765625 0.3234375 0.078125 0.11171875
0 0.82109375 0.21171875 0.171875 0.1984375
0 0.2296875 0.11484375 0.1546875 0.225
0 0.67109375 0.74609375 0.18125 0.23125
0 0.1796875 0.43203125 0.24375 0.23515625
1 0.8015625 0.55390625 0.21640625 0.3203125
2 0.72265625 0.15078125 0.065625 0.0828125
0 0.88984375 0.8453125 0.2078125 0.309375
0 0.93671875 0.1640625 0.1265625 0.24140625
0 0.10859375 0.13046875 0.2171875 0.26015625
0 0.28125 0.94140625 0.1625 0.11640625
0 0.52890625 0.7703125 0.1265625 0.20546875
2 0.321875 0.93046875 0.03671875 0.05703125