0 0.50859375 0.06953125 0.16953125 0.1390625
0 0.39765625 0.5234375 0.159375 0.2328125
0 0.86796875 0.2109375 0.1859375 0.23125
0 0.584375 0.240625 0.17421875 0.2171875
0 0.30625 0.784375 0.19453125 0.22421875
0 0.0859375 0.75859375 0.15546875 0.271875
0 0.79375 0.3890625 0.1890625 0.24609375
0 0.4390625 0.32578125 0.19375 0.2765625
0 0.940625 0.43984375 0.11796875 0.2078125
2 0.97421875 0.58671875 0.0515625 0.08828125
0 0.17890625 0.28671875 0.2296875 0.4265625
0 0.46640625 0.91328125 0.15546875 0.16484375
0 0.24453125 0.2078125 0.18359375 0.2390625
0 0.8765625 0.87734375 0.2265625 0.24375
1 0.6890625 0.70234375 0.3140625 0.33359375
0 0.47734375 0.73203125 0.1046875 0.19140625
0 0.0484375 0.55078125 0.07421875 0.10546875
0 0.0296875 0.334375 0.059375 0.23984375