0 0.1609375 0.61484375 0.19921875 0.259375
0 0.66328125 0.1109375 0.159375 0.221875
0 0.82265625 0.484375 0.16640625 0.21484375
0 0.4015625 0.1140625 0.1796875 0.228125
0 0.24765625 0.371875 0.209375 0.29140625
0 0.771875 0.28828125 0.134375 0.178125
0 0.965625 0.81328125 0.06875 0.2265625
0 0.33515625 0.65625 0.159375 0.33359375
0 0.89296875 0.1765625 0.209375 0.3375
0 0.03046875 0.596875 0.0609375 0.23046875
0 0.64609375 0.46484375 0.1671875 0.22109375
0 0.9421875 0.55078125 0.115625 0.26640625
0 0.46796875 0.45546875 0.17890625 0.27734375
0 0.0828125 0.3171875 0.165625 0.4
0 0.2015625 0.04296875 0.17421875 0.0859375
0 0.8578125 0.05 0.2 0.1
0 0.74375 0.94140625 0.16171875 0.1171875
1 0.55390625 0.75390625 0.30390625 0.3953125
2 0.5640625 0.03046875 0.06875 0.0609375
0 0.31484375 0.93046875 0.17578125 0.1390625