0 0.31015625 0.11015625 0.165625 0.2109375
0 0.67421875 0.0796875 0.1796875 0.15546875
0 0.11171875 0.91640625 0.1421875 0.1578125
0 0.45703125 0.084375 0.18984375 0.165625
0 0.7515625 0.559375 0.16015625 0.184375
0 0.62734375 0.575 0.146875 0.190625
0 0.9046875 0.07734375 0.1625 0.15078125
0 0.23203125 0.68984375 0.146875 0.203125
0 0.0671875 0.134375 0.134375 0.25234375
0 0.63359375 0.71875 0.16328125 0.19375
0 0.28671875 0.94140625 0.1671875 0.1171875
0 0.09453125 0.42734375 0.16796875 0.17734375
0 0.3890625 0.475 0.1734375 0.259375
0 0.59609375 0.9109375 0.1515625 0.16796875
1 0.58515625 0.34765625 0.26640625 0.3453125
0 0.7625 0.9078125 0.16640625 0.17421875
0 0.4890625 0.778125 0.15078125 0.1734375
0 0.87421875 0.428125 0.1890625 0.221875