0 0.60703125 0.6640625 0.17421875 0.26484375
0 0.58984375 0.409375 0.1640625 0.2375
0 0.646875 0.90234375 0.17734375 0.1953125
0 0.72265625 0.37734375 0.1625 0.21953125
0 0.33203125 0.06796875 0.1640625 0.13515625
0 0.81796875 0.128125 0.17421875 0.22578125
0 0.7921875 0.60859375 0.18125 0.2171875
0 0.4390625 0.55 0.16015625 0.18046875
0 0.34140625 0.384375 0.1609375 0.18359375
0 0.571875 0.04609375 0.146875 0.0921875
0 0.72890625 0.04453125 0.1671875 0.0890625
2 0.81953125 0.28671875 0.075 0.07421875
0 0.215625 0.26640625 0.19765625 0.3109375
2 0.86796875 0.24765625 0.06328125 0.08203125
0 0.11015625 0.69765625 0.1765625 0.2421875
1 0.2890625 0.80546875 0.284375 0.3890625
0 0.45703125 0.2484375 0.17109375 0.2078125
0 0.03515625 0.90859375 0.0703125 0.1765625
0 0.0375 0.03671875 0.075 0.07265625
0 0.81015625 0.94296875 0.18203125 0.11328125