0 0.640625 0.89375 0.16015625 0.203125
0 0.78359375 0.11328125 0.16953125 0.22578125
0 0.68359375 0.66640625 0.14765625 0.1875
0 0.6234375 0.31171875 0.1453125 0.2203125
0 0.628125 0.10078125 0.1625 0.18125
0 0.16015625 0.259375 0.15 0.2234375
0 0.08828125 0.3765625 0.14375 0.2125
0 0.80390625 0.91953125 0.14765625 0.15546875
0 0.76875 0.440625 0.165625 0.2171875
0 0.428125 0.93046875 0.1453125 0.13359375
1 0.215625 0.64609375 0.290625 0.371875
0 0.08984375 0.02890625 0.1484375 0.0578125
0 0.91328125 0.1375 0.1625 0.18203125
0 0.31015625 0.27109375 0.17734375 0.29609375
0 0.93515625 0.8078125 0.1296875 0.21640625
0 0.93984375 0.28515625 0.1203125 0.16640625
0 0.52265625 0.42578125 0.1578125 0.16328125
0 0.0234375 0.5875 0.046875 0.21640625