0 0.5625 0.628125 0.16484375 0.20703125
0 0.28671875 0.76640625 0.18515625 0.18984375
0 0.45390625 0.43515625 0.1765625 0.225
0 0.06796875 0.90859375 0.1359375 0.1734375
0 0.71484375 0.21171875 0.16640625 0.21484375
0 0.34609375 0.57734375 0.18359375 0.19921875
0 0.56328125 0.06796875 0.1734375 0.1359375
0 0.33203125 0.21796875 0.1671875 0.23984375
0 0.9359375 0.11328125 0.128125 0.2234375
0 0.17421875 0.3171875 0.16484375 0.2140625
0 0.93671875 0.8328125 0.12578125 0.20625
0 0.334375 0.03828125 0.153125 0.0765625
0 0.1890625 0.525 0.1421875 0.20625
0 0.7984375 0.4453125 0.21640625 0.253125
0 0.1 0.07109375 0.15625 0.1421875
0 0.25390625 0.92578125 0.1859375 0.14375
0 0.02578125 0.2125 0.0515625 0.24609375
2 0.1140625 0.82109375 0.05390625 0.08359375
1 0.55390625 0.88125 0.2984375 0.2375
0 0.359375 0.91875 0.15 0.15625
0 0.97265625 0.5078125 0.0546875 0.19296875
0 0.03359375 0.5046875 0.0671875 0.26796875