0 0.6765625 0.63046875 0.1890625 0.18359375
0 0.3328125 0.80859375 0.17109375 0.2328125
0 0.3671875 0.065625 0.16875 0.13125
0 0.803125 0.0765625 0.20078125 0.15
0 0.48125 0.2453125 0.14140625 0.26171875
0 0.86171875 0.86171875 0.15703125 0.19453125
0 0.92734375 0.4171875 0.1453125 0.190625
0 0.7296875 0.29765625 0.14140625 0.1921875
0 0.6484375 0.0984375 0.21171875 0.1921875
0 0.06328125 0.8296875 0.12578125 0.21875
0 0.28203125 0.2296875 0.1609375 0.2109375
0 0.45625 0.9203125 0.17109375 0.15234375
0 0.61484375 0.43359375 0.1328125 0.19140625
0 0.9046875 0.94921875 0.146875 0.1015625
1 0.3640625 0.51015625 0.29140625 0.43046875
0 0.05078125 0.071875 0.1015625 0.14296875
0 0.94296875 0.81640625 0.1140625 0.2078125
0 0.94140625 0.1984375 0.1171875 0.1921875
0 0.125 0.61171875 0.18046875 0.30078125
0 0.77734375 0.9421875 0.17734375 0.115625
0 0.68515625 0.078125 0.128125 0.15546875
0 0.72578125 0.434375 0.26015625 0.26171875
0 0.1 0.22734375 0.146875 0.18203125