2 0.978125 0.08828125 0.0328125 0.06484375
2 0.9921875 0.5765625 0.01484375 0.078125
1 0.70703125 0.8453125 0.30078125 0.28515625
0 0.81171875 0.36171875 0.159375 0.31484375
0 0.55078125 0.27421875 0.17734375 0.24453125
0 0.4609375 0.096875 0.1625 0.19296875
0 0.86875 0.10703125 0.1734375 0.2140625
0 0.940625 0.80078125 0.11875 0.21875
0 0.7328125 0.62890625 0.18046875 0.13515625
0 0.36640625 0.5046875 0.12734375 0.16953125
0 0.42578125 0.30078125 0.18125 0.1390625
0 0.2171875 0.60234375 0.13671875 0.1828125
0 0.0859375 0.8484375 0.171875 0.2
0 0.1765625 0.83046875 0.1203125 0.1
0 0.4359375 0.9171875 0.14765625 0.15078125
0 0.54375 0.69140625 0.16484375 0.178125
0 0.6046875 0.63828125 0.10625 0.14375
0 0.1171875 0.20234375 0.1296875 0.2171875
0 0.19453125 0.43671875 0.2 0.19921875
0 0.26953125 0.315625 0.10078125 0.2234375
0 0.1640625 0.059375 0.1734375 0.11796875
0 0.09375 0.6328125 0.1578125 0.21953125
0 0.0453125 0.46171875 0.090625 0.203125
0 0.03359375 0.32265625 0.0671875 0.22578125
0 0.01875 0.20859375 0.0375 0.15703125
0 0.2328125 0.9625 0.103125 0.075
0 0.3140625 0.94765625 0.11875 0.090625
0 0.50078125 0.8828125 0.06640625 0.14375
0 0.984375 0.26328125 0.03046875 0.2125
0 0.28046875 0.04453125 0.19765625 0.0890625