1 0.3234375 0.4609375 0.28984375 0.3953125
0 0.42890625 0.128125 0.15078125 0.196875
0 0.4734375 0.27109375 0.1328125 0.2078125
0 0.58203125 0.2640625 0.1515625 0.22265625
0 0.10703125 0.73046875 0.13203125 0.2125
0 0.21640625 0.903125 0.16328125 0.184375
0 0.2578125 0.72890625 0.196875 0.19921875
0 0.375 0.78828125 0.14375 0.2765625
0 0.52890625 0.71328125 0.14921875 0.21328125
0 0.54375 0.89921875 0.15625 0.11484375
0 0.47109375 0.94609375 0.11640625 0.10078125
0 0.1 0.93125 0.16875 0.13671875
0 0.64765625 0.4921875 0.11796875 0.1390625
0 0.6421875 0.68515625 0.14453125 0.2109375
0 0.815625 0.6171875 0.171875 0.20859375
0 0.78359375 0.34453125 0.1359375 0.20078125
0 0.87421875 0.40625 0.12265625 0.18671875
0 0.95078125 0.496875 0.0984375 0.25625
0 0.96953125 0.215625 0.0609375 0.2015625
0 0.86953125 0.04375 0.21953125 0.078125
0 0.2515625 0.125 0.1828125 0.2359375
0 0.09296875 0.2 0.16640625 0.26953125
2 0.1578125 0.35625 0.04921875 0.08671875
0 0.92421875 0.71875 0.1515625 0.15703125