0 0.078125 0.3171875 0.15546875 0.2125
0 0.81796875 0.825 0.1453125 0.1765625
0 0.40703125 0.69453125 0.16796875 0.1953125
0 0.55 0.2015625 0.190625 0.24765625
0 0.75859375 0.3375 0.171875 0.25703125
0 0.79609375 0.09921875 0.1703125 0.1984375
0 0.2 0.09140625 0.16171875 0.1828125
0 0.4375 0.0546875 0.14296875 0.109375
0 0.4234375 0.4578125 0.159375 0.22578125
0 0.9140625 0.4578125 0.1640625 0.21640625
0 0.56796875 0.7375 0.1484375 0.2125
0 0.51875 0.934375 0.178125 0.13125
0 0.9484375 0.9375 0.103125 0.125
0 0.690625 0.9390625 0.146875 0.121875
0 0.725 0.61875 0.16640625 0.28359375
0 0.6578125 0.39140625 0.15078125 0.21171875
0 0.0765625 0.121875 0.1484375 0.2171875
0 0.03359375 0.69375 0.0671875 0.26875
0 0.0828125 0.53515625 0.13203125 0.2265625
0 0.29609375 0.3015625 0.15078125 0.22109375
0 0.9578125 0.23125 0.084375 0.21875
0 0.9625 0.71171875 0.075 0.21796875
1 0.221875 0.81015625 0.24765625 0.37734375
0 0.9078125 0.08125 0.13203125 0.15859375
0 0.39765625 0.23828125 0.15546875 0.209375
0 0.1703125 0.525 0.15625 0.159375