0 0.92109375 0.07265625 0.146875 0.1453125
0 0.1828125 0.13984375 0.1765625 0.2671875
2 0.79921875 0.73203125 0.06171875 0.08828125
0 0.5625 0.61796875 0.16328125 0.2234375
0 0.05625 0.89921875 0.1125 0.19375
0 0.37265625 0.1296875 0.1390625 0.25546875
0 0.09765625 0.68828125 0.14765625 0.2015625
0 0.109375 0.0546875 0.121875 0.109375
1 0.55078125 0.23828125 0.19296875 0.29921875
0 0.903125 0.66484375 0.18046875 0.20546875
2 0.98046875 0.171875 0.03828125 0.07578125
0 0.82578125 0.4109375 0.16953125 0.24296875
0 0.06875 0.2984375 0.13515625 0.309375
0 0.58515625 0.91015625 0.184375 0.1796875
0 0.44453125 0.421875 0.16875 0.25625