0 0.2125 0.6140625 0.1671875 0.2109375
2 0.62109375 0.93671875 0.078125 0.11328125
0 0.246875 0.35546875 0.17578125 0.221875
0 0.89765625 0.66484375 0.16328125 0.20546875
0 0.13671875 0.88203125 0.17265625 0.1859375
0 0.0875 0.3296875 0.1359375 0.18828125
0 0.76015625 0.7125 0.159375 0.20390625
0 0.778125 0.44609375 0.2046875 0.25546875
0 0.61015625 0.475 0.1625 0.2765625
0 0.17421875 0.12734375 0.20625 0.24296875
0 0.34296875 0.71640625 0.1453125 0.19375
1 0.50234375 0.190625 0.2703125 0.37578125
0 0.4640625 0.7140625 0.17421875 0.20390625
0 0.7953125 0.2703125 0.140625 0.1796875
0 0.43984375 0.4484375 0.234375 0.2609375
0 0.03828125 0.8375 0.0765625 0.2109375
0 0.90703125 0.17421875 0.16328125 0.2046875
0 0.75078125 0.90703125 0.1734375 0.1765625
0 0.9125 0.396875 0.1640625 0.2515625
2 0.12734375 0.05859375 0.07578125 0.08046875
0 0.03359375 0.153125 0.0671875 0.18984375
0 0.903125 0.87421875 0.1421875 0.1828125