0 0.04921875 0.19453125 0.0984375 0.3890625
0 0.33828125 0.31875 0.146875 0.3046875
0 0.2828125 0.07578125 0.346875 0.1515625
0 0.56171875 0.07890625 0.19609375 0.15703125
0 0.55 0.61171875 0.14375 0.31796875
0 0.55625 0.328125 0.23125 0.3
0 0.715625 0.54140625 0.2671875 0.25078125
0 0.85703125 0.23203125 0.2859375 0.30234375
0 0.9453125 0.54921875 0.109375 0.2484375
0 0.871875 0.8078125 0.20078125 0.35234375
0 0.60078125 0.915625 0.1578125 0.16875
0 0.30390625 0.6828125 0.0953125 0.26640625
0 0.0546875 0.8421875 0.096875 0.315625
0 0.3328125 0.9328125 0.346875 0.13359375
2 0.5796875 0.23515625 0.0765625 0.11640625
2 0.66953125 0.228125 0.0765625 0.08828125
2 0.2375 0.73359375 0.0875 0.1
1 0.1359375 0.56171875 0.24375 0.2984375