0 0.2078125 0.41875 0.20390625 0.23984375
0 0.1421875 0.6296875 0.1703125 0.2015625
0 0.08515625 0.090625 0.1703125 0.175
0 0.38203125 0.46015625 0.14765625 0.25234375
2 0.77109375 0.896875 0.06640625 0.10546875
0 0.61640625 0.83984375 0.153125 0.18125
0 0.2078125 0.1296875 0.15625 0.2125
0 0.91796875 0.69453125 0.15625 0.2015625
0 0.69609375 0.58984375 0.15859375 0.2453125
0 0.22734375 0.871875 0.16796875 0.2390625
1 0.628125 0.29140625 0.26953125 0.3953125
0 0.40078125 0.02890625 0.1609375 0.0578125
0 0.7609375 0.0296875 0.14765625 0.059375
0 0.93984375 0.45625 0.1109375 0.2859375
0 0.50078125 0.45546875 0.15859375 0.23125
0 0.04609375 0.30546875 0.0921875 0.2265625
0 0.72421875 0.9390625 0.1578125 0.121875
0 0.4671875 0.75078125 0.1625 0.27578125