0 0.8890625 0.05859375 0.21484375 0.1171875
0 0.953125 0.53984375 0.09296875 0.23203125
0 0.67890625 0.10625 0.246875 0.20859375
0 0.81015625 0.85390625 0.2109375 0.2921875
0 0.5140625 0.3171875 0.18671875 0.24921875
0 0.12265625 0.7875 0.24453125 0.259375
0 0.95 0.29765625 0.1 0.25078125
0 0.7859375 0.26328125 0.23203125 0.24296875
0 0.171875 0.09765625 0.21875 0.1953125
0 0.078125 0.47890625 0.15625 0.34453125
1 0.56875 0.7390625 0.34609375 0.3859375
0 0.42734375 0.04296875 0.25078125 0.0859375
0 0.45703125 0.171875 0.26875 0.196875
0 0.28203125 0.5 0.25625 0.49453125
0 0.09609375 0.16875 0.1921875 0.3375
0 0.78984375 0.53046875 0.2234375 0.309375
0 0.45703125 0.95859375 0.2265625 0.0828125