0 0.21484375 0.08046875 0.228125 0.16015625
0 0.54453125 0.921875 0.21328125 0.15078125
0 0.7203125 0.06328125 0.24296875 0.1265625
0 0.90859375 0.10546875 0.17734375 0.20390625
0 0.61640625 0.75859375 0.26171875 0.2875
1 0.421875 0.20625 0.2328125 0.3671875
0 0.2578125 0.60859375 0.21640625 0.24140625
0 0.17109375 0.90546875 0.2828125 0.1890625
0 0.83671875 0.87734375 0.2890625 0.2390625
0 0.50390625 0.53984375 0.2796875 0.2671875
0 0.78359375 0.3203125 0.29453125 0.28984375
0 0.184375 0.2390625 0.28125 0.22734375
0 0.18125 0.3921875 0.28046875 0.22109375
0 0.078125 0.5625 0.1515625 0.215625