0 0.19140625 0.096875 0.21875 0.1875
0 0.33828125 0.2109375 0.20703125 0.221875
0 0.78125 0.15703125 0.21328125 0.21875
0 0.54296875 0.06640625 0.2421875 0.1328125
0 0.625 0.2453125 0.23671875 0.25859375
0 0.9140625 0.34609375 0.1640625 0.21796875
0 0.19375 0.9109375 0.19609375 0.16875
0 0.87578125 0.04921875 0.2484375 0.0984375
0 0.09296875 0.434375 0.1859375 0.2609375
0 0.8703125 0.71640625 0.2078125 0.25234375
0 0.62265625 0.528125 0.2328125 0.21953125
0 0.1078125 0.73515625 0.20234375 0.240625
0 0.20234375 0.61640625 0.190625 0.24296875
0 0.9296875 0.57421875 0.13125 0.20703125
0 0.53671875 0.40078125 0.228125 0.2078125
0 0.0671875 0.1921875 0.134375 0.23828125
0 0.35859375 0.68515625 0.19921875 0.25078125
0 0.49453125 0.69609375 0.1578125 0.203125
1 0.590625 0.8609375 0.43203125 0.278125