0 0.77265625 0.34140625 0.203125 0.234375
0 0.1375 0.35078125 0.19609375 0.24453125
0 0.9140625 0.215625 0.1625 0.225
0 0.5109375 0.6890625 0.23515625 0.21015625
0 0.8078125 0.60078125 0.21171875 0.3125
0 0.1546875 0.1515625 0.21328125 0.25
0 0.9 0.05078125 0.19921875 0.10078125
0 0.71328125 0.8375 0.2203125 0.325
0 0.26640625 0.8546875 0.2421875 0.27265625
0 0.4375 0.9078125 0.190625 0.178125
0 0.38046875 0.07890625 0.35859375 0.1578125
1 0.4859375 0.40625 0.38828125 0.39140625
0 0.1015625 0.659375 0.15390625 0.19453125
0 0.2265625 0.64453125 0.19375 0.22734375