0 0.21015625 0.70078125 0.20859375 0.21953125
0 0.57578125 0.82734375 0.2078125 0.2390625
0 0.61796875 0.0890625 0.24765625 0.175
0 0.40859375 0.58125 0.20703125 0.2671875
0 0.93046875 0.4453125 0.1296875 0.26328125
0 0.67890625 0.6375 0.2015625 0.20078125
0 0.2390625 0.13203125 0.2265625 0.26328125
0 0.76171875 0.9390625 0.21796875 0.121875
0 0.33359375 0.87421875 0.23671875 0.24609375
0 0.4171875 0.12734375 0.18671875 0.25390625
0 0.0953125 0.53671875 0.18984375 0.22265625
0 0.93671875 0.86484375 0.1234375 0.25703125
0 0.034375 0.771875 0.06875 0.24765625
0 0.0703125 0.20078125 0.140625 0.17890625
0 0.06015625 0.34375 0.11953125 0.209375
0 0.83515625 0.61015625 0.196875 0.22421875
1 0.69140625 0.33515625 0.36953125 0.36875