0 0.42890625 0.36328125 0.203125 0.2203125
0 0.096875 0.65234375 0.18984375 0.22421875
0 0.90859375 0.5125 0.17421875 0.22421875
0 0.821875 0.1234375 0.1953125 0.24140625
0 0.54765625 0.1546875 0.25703125 0.24765625
0 0.29375 0.56015625 0.21796875 0.2671875
0 0.91484375 0.79765625 0.16640625 0.371875
0 0.846875 0.321875 0.21171875 0.2390625
0 0.0625 0.06953125 0.125 0.1390625
0 0.09765625 0.3890625 0.1953125 0.271875
1 0.5109375 0.7578125 0.35859375 0.3859375
0 0.17734375 0.81171875 0.2390625 0.2046875