0 0.19140625 0.87265625 0.2125 0.1890625
0 0.68515625 0.30859375 0.19140625 0.20234375
0 0.346875 0.05703125 0.24140625 0.1140625
0 0.125 0.1609375 0.19140625 0.25234375
0 0.5703125 0.11953125 0.23125 0.2390625
0 0.39453125 0.28203125 0.17734375 0.221875
0 0.03828125 0.77578125 0.0765625 0.26171875
0 0.9484375 0.93984375 0.103125 0.1203125
0 0.1484375 0.45234375 0.2078125 0.378125
0 0.959375 0.43203125 0.08125 0.290625
0 0.21796875 0.39921875 0.21796875 0.24609375
1 0.49296875 0.709375 0.40078125 0.45625