0 0.5078125 0.2125 0.20859375 0.21875
0 0.203125 0.678125 0.240625 0.2328125
0 0.7296875 0.9125 0.23515625 0.175
0 0.303125 0.83828125 0.2328125 0.27265625
0 0.3 0.10703125 0.2453125 0.20859375
0 0.76015625 0.146875 0.26171875 0.2453125
0 0.92578125 0.053125 0.1484375 0.10546875
0 0.915625 0.55234375 0.16171875 0.246875
0 0.34765625 0.31796875 0.1828125 0.20546875
0 0.08125 0.81796875 0.1625 0.309375
0 0.88828125 0.77734375 0.2234375 0.2734375
0 0.80078125 0.396875 0.21953125 0.2390625
0 0.24609375 0.4359375 0.21328125 0.2890625
0 0.63671875 0.340625 0.24140625 0.22265625
0 0.5796875 0.078125 0.19921875 0.15625
0 0.9421875 0.25703125 0.115625 0.2734375
1 0.51328125 0.590625 0.35078125 0.30859375
0 0.15390625 0.2484375 0.17421875 0.146875
0 0.0875 0.10703125 0.175 0.2140625
0 0.07890625 0.3296875 0.1578125 0.184375