1 0.55859375 0.49765625 0.32109375 0.29765625
0 0.58515625 0.22109375 0.175 0.2
0 0.36328125 0.28359375 0.19140625 0.2265625
0 0.23203125 0.47734375 0.2359375 0.21953125
0 0.15 0.19921875 0.2171875 0.21796875
0 0.23828125 0.12265625 0.2234375 0.19921875
0 0.4421875 0.1015625 0.184375 0.203125
0 0.7859375 0.33671875 0.21015625 0.2078125
0 0.85703125 0.23125 0.19921875 0.1953125
0 0.82890625 0.52734375 0.1828125 0.2328125
0 0.8984375 0.65 0.203125 0.2171875
0 0.87578125 0.85625 0.2234375 0.1796875
0 0.4140625 0.9046875 0.19453125 0.18671875
0 0.22734375 0.7140625 0.1875 0.20390625
0 0.078125 0.63125 0.15625 0.20703125