0 0.68984375 0.5890625 0.228125 0.22734375
0 0.86875 0.38671875 0.1765625 0.23828125
0 0.85 0.1171875 0.19375 0.22578125
0 0.68359375 0.14375 0.21484375 0.20546875
0 0.18671875 0.6578125 0.2296875 0.33125
0 0.76328125 0.79140625 0.22578125 0.21328125
0 0.890625 0.67421875 0.21328125 0.24296875
0 0.43515625 0.696875 0.17890625 0.221875
0 0.44453125 0.88984375 0.26015625 0.2203125
0 0.1390625 0.171875 0.2359375 0.28828125
0 0.13828125 0.4 0.2234375 0.25
0 0.95703125 0.8671875 0.0859375 0.2265625
0 0.44140625 0.40078125 0.34296875 0.39453125
0 0.046875 0.79296875 0.09296875 0.2125
0 0.25390625 0.04921875 0.21875 0.09375