0 0.9015625 0.3125 0.190625 0.23984375
0 0.159375 0.2390625 0.228125 0.24453125
0 0.38046875 0.21953125 0.21875 0.25078125
0 0.4046875 0.475 0.1984375 0.22890625
0 0.6796875 0.08984375 0.2578125 0.17890625
0 0.915625 0.76015625 0.16015625 0.2234375
0 0.59765625 0.803125 0.2234375 0.24453125
0 0.02890625 0.21015625 0.0578125 0.2921875
0 0.17890625 0.4796875 0.2546875 0.33203125
0 0.96484375 0.10859375 0.0703125 0.1875
0 0.07578125 0.0640625 0.1515625 0.128125
0 0.95859375 0.93515625 0.0828125 0.1296875
0 0.071875 0.84296875 0.14375 0.2890625
0 0.02734375 0.56328125 0.05390625 0.24765625
0 0.62734375 0.2515625 0.19296875 0.21953125
0 0.33203125 0.91953125 0.2109375 0.15859375
1 0.7140625 0.52578125 0.225 0.23671875
0 0.2703125 0.69921875 0.20078125 0.2328125
0 0.37421875 0.73515625 0.1953125 0.1984375