0 0.1796875 0.7453125 0.2046875 0.21484375
0 0.79765625 0.4484375 0.19609375 0.22578125
0 0.07890625 0.90078125 0.1578125 0.196875
0 0.32578125 0.3625 0.2015625 0.221875
0 0.75234375 0.20625 0.25078125 0.26796875
0 0.65390625 0.60078125 0.2 0.2125
0 0.878125 0.6328125 0.24375 0.2765625
0 0.41484375 0.85 0.2296875 0.296875
0 0.5578125 0.34296875 0.21953125 0.23828125
0 0.02578125 0.70234375 0.0515625 0.215625
0 0.834375 0.0609375 0.23828125 0.12109375
0 0.30703125 0.1640625 0.21796875 0.30234375
0 0.659375 0.83046875 0.21953125 0.26015625
0 0.91953125 0.2625 0.14921875 0.225
0 0.51171875 0.03125 0.234375 0.0625
0 0.82421875 0.878125 0.25234375 0.24375
0 0.18046875 0.51953125 0.2171875 0.2375
0 0.17890625 0.1046875 0.2390625 0.209375
0 0.1328125 0.42265625 0.265625 0.47109375
0 0.39375 0.575 0.23984375 0.35234375
0 0.12734375 0.296875 0.1953125 0.178125