0 0.64140625 0.1609375 0.2203125 0.24375
0 0.8 0.05703125 0.215625 0.1140625
0 0.20234375 0.9 0.1984375 0.19453125
0 0.13359375 0.46171875 0.2328125 0.33828125
0 0.38359375 0.0734375 0.24375 0.146875
0 0.7671875 0.38671875 0.2125 0.3
0 0.1296875 0.15703125 0.2015625 0.253125
0 0.93515625 0.84296875 0.1296875 0.1640625
0 0.26640625 0.23515625 0.253125 0.225
0 0.03125 0.9234375 0.0625 0.14453125
0 0.2171875 0.7015625 0.1609375 0.196875
0 0.9078125 0.15703125 0.17578125 0.2234375
0 0.19765625 0.0265625 0.20625 0.05234375
0 0.54296875 0.37421875 0.240625 0.28671875
0 0.07421875 0.72578125 0.1484375 0.2515625
0 0.846875 0.63828125 0.30625 0.25234375
0 0.9640625 0.93671875 0.07109375 0.1265625
1 0.48359375 0.81328125 0.35 0.3265625