0 0.12109375 0.4265625 0.20234375 0.25
0 0.73515625 0.74375 0.21015625 0.2203125
0 0.69375 0.53828125 0.21171875 0.203125
0 0.1875 0.7953125 0.20546875 0.23515625
0 0.5234375 0.628125 0.20703125 0.21015625
0 0.5796875 0.36484375 0.20859375 0.22890625
0 0.715625 0.215625 0.21796875 0.2765625
0 0.05859375 0.0875 0.1171875 0.175
0 0.57578125 0.8640625 0.28984375 0.2359375
0 0.9078125 0.9234375 0.17734375 0.14921875
0 0.221875 0.17265625 0.215625 0.31171875
0 0.9125 0.68203125 0.16484375 0.321875
0 0.05625 0.89921875 0.1125 0.1921875
0 0.85 0.4109375 0.21640625 0.22109375
1 0.371875 0.4640625 0.26484375 0.3015625