0 0.46484375 0.584375 0.21796875 0.22734375
0 0.90234375 0.24140625 0.18984375 0.2421875
0 0.1 0.0828125 0.19375 0.165625
0 0.5515625 0.4109375 0.225 0.278125
0 0.6515625 0.08828125 0.25625 0.1765625
0 0.49453125 0.846875 0.21015625 0.30546875
0 0.9015625 0.51953125 0.19140625 0.28671875
0 0.2703125 0.36015625 0.26875 0.246875
0 0.79765625 0.878125 0.25546875 0.23671875
0 0.41796875 0.15625 0.25078125 0.3125
0 0.87890625 0.0375 0.234375 0.07421875
0 0.11796875 0.8609375 0.2359375 0.2203125
0 0.69609375 0.24765625 0.23359375 0.2828125
0 0.65703125 0.63671875 0.2265625 0.3890625
0 0.23515625 0.55078125 0.2484375 0.17109375
0 0.16015625 0.7125 0.24453125 0.21953125