0 0.9375 0.88125 0.125 0.209375
0 0.465625 0.9171875 0.21953125 0.16015625
0 0.7390625 0.79296875 0.2078125 0.21328125
0 0.16015625 0.3796875 0.17265625 0.215625
0 0.82109375 0.61328125 0.23125 0.253125
0 0.57421875 0.7890625 0.19921875 0.23671875
0 0.20390625 0.7734375 0.21328125 0.23515625
0 0.609375 0.20703125 0.26640625 0.3875
0 0.7765625 0.090625 0.2015625 0.175
0 0.9375 0.16796875 0.125 0.19453125
0 0.2671875 0.190625 0.2359375 0.2734375
0 0.6890625 0.42578125 0.2140625 0.2109375
0 0.03984375 0.43515625 0.0796875 0.2671875
0 0.9421875 0.48203125 0.115625 0.2546875
0 0.646875 0.9765625 0.22265625 0.046875
0 0.06015625 0.8234375 0.1203125 0.27109375