0 0.81328125 0.6171875 0.2203125 0.234375
0 0.75390625 0.8453125 0.20546875 0.2359375
0 0.890625 0.3953125 0.21171875 0.23984375
0 0.93125 0.8078125 0.1375 0.23203125
0 0.5390625 0.81015625 0.22578125 0.21953125
0 0.1046875 0.1359375 0.20390625 0.240625
0 0.94453125 0.05859375 0.1109375 0.1171875
0 0.26953125 0.53515625 0.21640625 0.221875
0 0.5203125 0.59609375 0.23203125 0.21015625
0 0.1125 0.37734375 0.20859375 0.2609375
0 0.9703125 0.56328125 0.059375 0.2265625
1 0.4875 0.35546875 0.2671875 0.3140625
0 0.69921875 0.978125 0.22890625 0.04375