0 0.8953125 0.86875 0.20234375 0.2546875
0 0.6921875 0.8671875 0.23828125 0.26484375
0 0.19140625 0.146875 0.2234375 0.29375
0 0.66328125 0.37890625 0.240625 0.2328125
0 0.8828125 0.31953125 0.22421875 0.25
0 0.41015625 0.1484375 0.2578125 0.296875
1 0.48203125 0.72578125 0.25703125 0.3296875
0 0.9109375 0.1140625 0.16796875 0.228125
0 0.4734375 0.4421875 0.265625 0.33046875
0 0.1046875 0.5046875 0.196875 0.246875
0 0.20703125 0.6265625 0.228125 0.23828125
0 0.1453125 0.8859375 0.20390625 0.2046875
0 0.290625 0.85234375 0.21953125 0.23203125
0 0.79609375 0.58828125 0.221875 0.25390625
0 0.075 0.7078125 0.1484375 0.22578125