0 0.71484375 0.88828125 0.21875 0.2171875
0 0.90234375 0.11875 0.1921875 0.2375
0 0.49609375 0.8640625 0.2078125 0.24765625
0 0.28046875 0.68984375 0.19921875 0.2796875
0 0.68046875 0.35546875 0.2171875 0.2578125
0 0.64765625 0.6640625 0.2171875 0.23828125
0 0.86875 0.515625 0.23203125 0.26640625
0 0.578125 0.03203125 0.225 0.0640625
0 0.3484375 0.91484375 0.2125 0.1625
0 0.8046875 0.2265625 0.20859375 0.2390625
0 0.4625 0.1359375 0.2578125 0.2484375
0 0.16640625 0.325 0.24375 0.2796875
0 0.90703125 0.8109375 0.175 0.2625
0 0.096875 0.6375 0.19296875 0.4375
0 0.24375 0.05078125 0.37109375 0.1015625
0 0.97265625 0.3640625 0.0546875 0.21875
1 0.440625 0.47265625 0.35390625 0.484375
0 0.08515625 0.1515625 0.1703125 0.26875