0 0.740625 0.12109375 0.228125 0.24140625
0 0.66953125 0.33359375 0.20078125 0.21328125
0 0.88125 0.36015625 0.209375 0.2375
0 0.48515625 0.91015625 0.225 0.1734375
0 0.1921875 0.73984375 0.2265625 0.2484375
0 0.7171875 0.575 0.23046875 0.23828125
0 0.24609375 0.53203125 0.2109375 0.225
0 0.08046875 0.90625 0.153125 0.17890625
0 0.54921875 0.09921875 0.20078125 0.1921875
0 0.33984375 0.2671875 0.23046875 0.33203125
0 0.92109375 0.60859375 0.14765625 0.2453125
0 0.0953125 0.33125 0.190625 0.375
0 0.7265625 0.8359375 0.34375 0.328125
1 0.48515625 0.4765625 0.23828125 0.2859375