0 0.7875 0.9046875 0.22109375 0.1828125
0 0.953125 0.90078125 0.09375 0.1921875
0 0.4140625 0.0890625 0.24765625 0.178125
0 0.33828125 0.23046875 0.2203125 0.22421875
0 0.34453125 0.77734375 0.25390625 0.22265625
0 0.2296875 0.91875 0.23359375 0.16171875
0 0.2203125 0.365625 0.20703125 0.2390625
0 0.5921875 0.82109375 0.22109375 0.23828125
0 0.465625 0.94765625 0.2203125 0.1046875
0 0.1109375 0.81171875 0.1953125 0.240625
0 0.09765625 0.040625 0.1953125 0.08125
0 0.8515625 0.08203125 0.1546875 0.159375
0 0.87109375 0.65859375 0.22734375 0.37109375
0 0.728125 0.2046875 0.2421875 0.25703125
1 0.4484375 0.52109375 0.26015625 0.32890625
0 0.7390625 0.40234375 0.23671875 0.2078125
0 0.834375 0.59921875 0.2703125 0.209375
0 0.0578125 0.53125 0.115625 0.16796875
0 0.0703125 0.35078125 0.140625 0.1890625
0 0.059375 0.18359375 0.11796875 0.2078125