0 0.47734375 0.20546875 0.19375 0.21796875
0 0.115625 0.0546875 0.23046875 0.109375
0 0.90078125 0.040625 0.19765625 0.08046875
0 0.30390625 0.10546875 0.2234375 0.2109375
0 0.2625 0.6078125 0.23046875 0.328125
0 0.20546875 0.8734375 0.221875 0.24296875
0 0.89296875 0.9046875 0.2109375 0.184375
0 0.80546875 0.55546875 0.25390625 0.43125
0 0.0453125 0.86796875 0.090625 0.22890625
0 0.2015625 0.25703125 0.225 0.3234375
0 0.38203125 0.45 0.1578125 0.25546875
0 0.96640625 0.25 0.06640625 0.3296875
1 0.5859375 0.51015625 0.2359375 0.3078125
0 0.07421875 0.640625 0.1484375 0.2734375
0 0.7078125 0.228125 0.28203125 0.2734375
0 0.53203125 0.85703125 0.234375 0.21484375
0 0.67265625 0.8296875 0.19765625 0.221875
0 0.46171875 0.70625 0.203125 0.2140625
0 0.35390625 0.88046875 0.23125 0.1671875