0 0.83984375 0.728125 0.19921875 0.24140625
0 0.9140625 0.24140625 0.1640625 0.2
0 0.20625 0.2890625 0.19140625 0.2
0 0.0953125 0.73515625 0.190625 0.2859375
0 0.14375 0.503125 0.2015625 0.20546875
0 0.921875 0.490625 0.14609375 0.278125
0 0.796875 0.38828125 0.18828125 0.2453125
0 0.77578125 0.11796875 0.19765625 0.209375
0 0.728125 0.928125 0.2421875 0.140625
0 0.909375 0.8796875 0.17421875 0.240625
0 0.05234375 0.2453125 0.1046875 0.36171875
0 0.06796875 0.0234375 0.134375 0.04609375
0 0.9578125 0.08984375 0.08359375 0.17421875
1 0.49609375 0.61640625 0.39140625 0.4015625
0 0.35703125 0.096875 0.28125 0.18046875
0 0.5046875 0.16015625 0.17734375 0.25