0 0.64375 0.04609375 0.23515625 0.0921875
0 0.21328125 0.1828125 0.21640625 0.2484375
0 0.34375 0.075 0.234375 0.14921875
0 0.02421875 0.1 0.0484375 0.196875
0 0.47890625 0.54609375 0.21484375 0.2625
0 0.65078125 0.8390625 0.2578125 0.28984375
0 0.0484375 0.87265625 0.096875 0.2453125
0 0.9078125 0.4828125 0.17265625 0.31328125
0 0.896875 0.8515625 0.20625 0.2953125
0 0.8359375 0.15390625 0.328125 0.24375
0 0.68359375 0.4890625 0.25 0.46484375
0 0.39140625 0.27578125 0.21875 0.2265625
0 0.5078125 0.26640625 0.21953125 0.2078125
0 0.21015625 0.44375 0.1859375 0.196875
0 0.11796875 0.5234375 0.14609375 0.16796875
1 0.26484375 0.7703125 0.3421875 0.378125