0 0.64140625 0.55078125 0.22265625 0.25234375
0 0.1078125 0.45234375 0.209375 0.24453125
0 0.12890625 0.7078125 0.18984375 0.22734375
0 0.68515625 0.10625 0.1890625 0.2125
0 0.55 0.20078125 0.2171875 0.2265625
0 0.87265625 0.465625 0.22890625 0.23984375
0 0.7578125 0.3421875 0.2265625 0.21328125
0 0.93515625 0.25078125 0.1296875 0.2390625
0 0.96484375 0.63671875 0.0703125 0.2265625
1 0.42421875 0.7703125 0.271875 0.3921875
0 0.40859375 0.29296875 0.2515625 0.2359375
0 0.3375 0.484375 0.2125 0.240625
0 0.10390625 0.9140625 0.18203125 0.16328125
0 0.0546875 0.21484375 0.109375 0.1953125
0 0.1296875 0.2265625 0.1484375 0.17890625
0 0.940625 0.0984375 0.11875 0.1859375
0 0.73671875 0.946875 0.26875 0.10625