0 0.9546875 0.159375 0.08984375 0.278125
0 0.7640625 0.36796875 0.2265625 0.271875
0 0.02734375 0.13671875 0.0546875 0.21875
0 0.42109375 0.16015625 0.21953125 0.225
0 0.17109375 0.16875 0.1890625 0.24296875
0 0.23671875 0.51015625 0.18046875 0.2421875
0 0.1 0.30078125 0.2 0.21015625
0 0.74609375 0.11875 0.2421875 0.2375
0 0.93515625 0.46796875 0.1296875 0.240625
0 0.86796875 0.80703125 0.26328125 0.30625
0 0.559375 0.878125 0.28359375 0.2375
0 0.734375 0.96015625 0.3328125 0.0796875
0 0.29453125 0.36171875 0.20546875 0.1765625
1 0.5484375 0.56796875 0.4015625 0.39921875