0 0.15546875 0.5140625 0.209375 0.24765625
0 0.30703125 0.14921875 0.22109375 0.2984375
0 0.93671875 0.85234375 0.12578125 0.20546875
0 0.7328125 0.0546875 0.2421875 0.10859375
0 0.26953125 0.78046875 0.20546875 0.34140625
0 0.12734375 0.05859375 0.20390625 0.11640625
0 0.8453125 0.41875 0.23046875 0.22890625
0 0.56484375 0.1828125 0.2421875 0.2796875
0 0.03359375 0.3421875 0.06640625 0.228125
0 0.84609375 0.22265625 0.2546875 0.240625
0 0.4890625 0.0390625 0.21171875 0.078125
1 0.50390625 0.5453125 0.34921875 0.39921875
0 0.0828125 0.88828125 0.165625 0.2
0 0.49296875 0.86484375 0.190625 0.22734375
0 0.69453125 0.86875 0.23203125 0.2359375
0 0.809375 0.6734375 0.24765625 0.1984375
0 0.896875 0.621875 0.20625 0.2359375