0 0.52109375 0.91171875 0.21171875 0.16875
0 0.1515625 0.88359375 0.25625 0.2328125
0 0.54921875 0.10390625 0.22734375 0.20703125
0 0.86796875 0.24921875 0.23125 0.28203125
0 0.87578125 0.52265625 0.2484375 0.2453125
0 0.15390625 0.66328125 0.2125 0.26171875
0 0.69375 0.24921875 0.2109375 0.26953125
0 0.30390625 0.82578125 0.21328125 0.22265625
0 0.1046875 0.2375 0.209375 0.2390625
0 0.89375 0.05 0.2125 0.1
0 0.77578125 0.69296875 0.23671875 0.2171875
0 0.478125 0.690625 0.35234375 0.23203125
1 0.32578125 0.4140625 0.3234375 0.29921875
0 0.7546875 0.84921875 0.2421875 0.1625