0 0.5171875 0.13046875 0.2234375 0.2359375
0 0.803125 0.7859375 0.20703125 0.2171875
0 0.1453125 0.1703125 0.21015625 0.228125
0 0.0546875 0.3609375 0.109375 0.27734375
0 0.40546875 0.0390625 0.21796875 0.07734375
0 0.053125 0.06875 0.10546875 0.13671875
0 0.52578125 0.3078125 0.19375 0.2109375
0 0.55078125 0.88203125 0.24765625 0.2171875
0 0.89453125 0.928125 0.20390625 0.1421875
0 0.0421875 0.94765625 0.08359375 0.1046875
0 0.675 0.0875 0.21875 0.175
0 0.16875 0.46953125 0.23203125 0.27109375
1 0.3484375 0.74765625 0.2890625 0.2671875
1 0.76875 0.49609375 0.2515625 0.321875
0 0.4953125 0.50390625 0.1984375 0.2953125
0 0.09375 0.8046875 0.1875 0.1875
0 0.05390625 0.72734375 0.1078125 0.21328125
0 0.38828125 0.22421875 0.1984375 0.21015625
0 0.25 0.28671875 0.2 0.19375
0 0.4140625 0.46953125 0.221875 0.20859375