0 0.5484375 0.1328125 0.24609375 0.265625
0 0.81953125 0.14296875 0.225 0.2859375
0 0.440625 0.69609375 0.2375 0.27734375
0 0.7671875 0.8015625 0.21484375 0.175
0 0.6625 0.5796875 0.23515625 0.3140625
0 0.6578125 0.0390625 0.19921875 0.078125
0 0.30234375 0.13359375 0.23671875 0.26171875
0 0.8890625 0.59609375 0.21953125 0.27265625
0 0.95078125 0.82265625 0.0984375 0.2296875
0 0.9609375 0.09765625 0.078125 0.19296875
0 0.14609375 0.53203125 0.2109375 0.26484375
0 0.88515625 0.93359375 0.2296875 0.12890625
0 0.2375 0.83125 0.2109375 0.2421875
0 0.14609375 0.17265625 0.23125 0.21953125
0 0.18203125 0.72265625 0.2203125 0.16640625
0 0.0625 0.9140625 0.125 0.165625
0 0.06953125 0.71875 0.1390625 0.21015625
0 0.0703125 0.20859375 0.140625 0.2234375
1 0.403125 0.40234375 0.23125 0.26953125