0 0.4921875 0.5125 0.18046875 0.2359375
0 0.1796875 0.0953125 0.296875 0.190625
0 0.078125 0.90625 0.15625 0.1796875
0 0.703125 0.21328125 0.18671875 0.1953125
0 0.50546875 0.0640625 0.3640625 0.128125
0 0.653125 0.534375 0.2 0.24296875
0 0.9421875 0.759375 0.11484375 0.203125
0 0.47109375 0.240625 0.27578125 0.25390625
0 0.3296875 0.421875 0.22890625 0.221875
0 0.88359375 0.93984375 0.20390625 0.11953125
0 0.678125 0.85546875 0.18359375 0.2890625
0 0.79453125 0.7015625 0.18671875 0.2203125
0 0.87890625 0.14375 0.2390625 0.26796875
1 0.3796875 0.79609375 0.2890625 0.31015625
0 0.1875 0.4109375 0.209375 0.2
0 0.11640625 0.28125 0.21171875 0.209375
0 0.0859375 0.634375 0.171875 0.39453125
0 0.85234375 0.446875 0.2234375 0.21484375
0 0.81796875 0.334375 0.2015625 0.178125
0 0.88203125 0.54453125 0.2109375 0.1984375