0 0.84921875 0.13203125 0.20625 0.228125
0 0.89296875 0.3625 0.20625 0.26796875
0 0.21171875 0.1625 0.2203125 0.25859375
0 0.07734375 0.22421875 0.1546875 0.21796875
0 0.03515625 0.08984375 0.0703125 0.1796875
0 0.065625 0.5140625 0.13046875 0.234375
0 0.1875 0.47890625 0.1859375 0.221875
0 0.1484375 0.76484375 0.19296875 0.209375
0 0.3296875 0.65234375 0.2765625 0.1890625
0 0.09453125 0.884375 0.184375 0.23046875
0 0.30234375 0.8390625 0.184375 0.209375
0 0.44765625 0.85234375 0.1828125 0.21953125
0 0.57421875 0.9 0.21875 0.2
0 0.5046875 0.7203125 0.23203125 0.21953125
0 0.5859375 0.48125 0.234375 0.234375
0 0.7859375 0.53125 0.23515625 0.19765625
0 0.80859375 0.66484375 0.2015625 0.2390625
0 0.92890625 0.60234375 0.1421875 0.2125
0 0.80546875 0.896875 0.2125 0.20625
0 0.9265625 0.79609375 0.14609375 0.20625
0 0.309375 0.22109375 0.18203125 0.25703125
1 0.5625 0.20546875 0.39296875 0.35703125