0 0.84296875 0.61796875 0.2234375 0.2234375
0 0.48359375 0.88671875 0.20234375 0.225
0 0.0921875 0.896875 0.1765625 0.20078125
0 0.671875 0.753125 0.2140625 0.23203125
0 0.84921875 0.22890625 0.2203125 0.25859375
0 0.6875 0.93984375 0.203125 0.1203125
0 0.9390625 0.07265625 0.121875 0.1453125
0 0.45 0.58984375 0.21953125 0.2359375
0 0.2125 0.6046875 0.2203125 0.26328125
0 0.34140625 0.1828125 0.16796875 0.27421875
0 0.06171875 0.2109375 0.1234375 0.31171875
0 0.92890625 0.40859375 0.13203125 0.275
0 0.06953125 0.63984375 0.1390625 0.2734375
0 0.21484375 0.2109375 0.1453125 0.228125
0 0.2984375 0.44453125 0.2375 0.29140625