0 0.121875 0.0828125 0.19921875 0.16015625
0 0.49375 0.134375 0.23984375 0.26015625
0 0.33125 0.03828125 0.2265625 0.0765625
0 0.1671875 0.60546875 0.27265625 0.25
0 0.94765625 0.096875 0.1046875 0.18984375
0 0.76796875 0.88125 0.2265625 0.23359375
0 0.928125 0.38046875 0.1328125 0.25390625
0 0.1 0.259375 0.19921875 0.22734375
0 0.85 0.55 0.23515625 0.2359375
0 0.78359375 0.159375 0.23515625 0.30234375
0 0.93984375 0.675 0.1203125 0.2109375
0 0.09453125 0.878125 0.1859375 0.19453125
0 0.359375 0.3890625 0.31015625 0.1890625
0 0.27734375 0.846875 0.15078125 0.2203125
0 0.44609375 0.91953125 0.16796875 0.1609375
1 0.578125 0.6015625 0.39140625 0.3921875