0 0.46328125 0.08984375 0.2234375 0.17421875
0 0.20859375 0.646875 0.2109375 0.24921875
0 0.90859375 0.60859375 0.175 0.221875
0 0.25625 0.05703125 0.2390625 0.1140625
0 0.26640625 0.22734375 0.234375 0.24453125
0 0.790625 0.7203125 0.20234375 0.209375
0 0.74765625 0.0953125 0.2296875 0.190625
0 0.9109375 0.39765625 0.16953125 0.19765625
0 0.52734375 0.24375 0.196875 0.2078125
0 0.0875 0.91015625 0.17265625 0.171875
0 0.7171875 0.29453125 0.2375 0.24453125
0 0.24453125 0.44453125 0.2046875 0.21796875
0 0.8046875 0.90625 0.19453125 0.18046875
0 0.94140625 0.11171875 0.11640625 0.221875
0 0.05625 0.690625 0.1125 0.26875
0 0.96640625 0.79453125 0.0671875 0.2140625
0 0.29375 0.90703125 0.2046875 0.18203125
0 0.0640625 0.08515625 0.128125 0.1703125
1 0.528125 0.5984375 0.44609375 0.390625
0 0.11484375 0.43984375 0.2203125 0.25078125