0 0.36875 0.91171875 0.2015625 0.17109375
0 0.7046875 0.09765625 0.2015625 0.1921875
0 0.22265625 0.1 0.203125 0.19921875
0 0.6078125 0.90078125 0.20390625 0.19765625
0 0.9078125 0.2296875 0.178125 0.20625
0 0.909375 0.453125 0.17265625 0.22578125
0 0.45546875 0.13125 0.24765625 0.25546875
0 0.28671875 0.54453125 0.29765625 0.25234375
0 0.17734375 0.91171875 0.23515625 0.16953125
0 0.0765625 0.2125 0.15234375 0.25390625
0 0.6359375 0.271875 0.2265625 0.2265625
0 0.5953125 0.509375 0.2921875 0.221875
0 0.44140625 0.284375 0.303125 0.23046875
0 0.07734375 0.56875 0.140625 0.2203125
0 0.14765625 0.69375 0.2203125 0.2078125
1 0.83515625 0.690625 0.3296875 0.37734375