0 0.2890625 0.5171875 0.225 0.21640625
0 0.15703125 0.103125 0.2296875 0.20625
0 0.43515625 0.85859375 0.24296875 0.2796875
0 0.1234375 0.64453125 0.23359375 0.265625
0 0.87578125 0.48203125 0.1625 0.20625
0 0.8640625 0.121875 0.2421875 0.23984375
0 0.825 0.8078125 0.21171875 0.22734375
0 0.0640625 0.875 0.12734375 0.25
0 0.10625 0.32734375 0.209375 0.24296875
0 0.40390625 0.1234375 0.30625 0.234375
0 0.95546875 0.590625 0.0890625 0.1765625
0 0.95859375 0.32890625 0.0828125 0.2609375
0 0.96015625 0.8859375 0.0796875 0.221875
1 0.5640625 0.6109375 0.37421875 0.3625