0 0.74140625 0.7546875 0.209375 0.23203125
0 0.86875 0.059375 0.209375 0.11875
0 0.6875 0.5140625 0.21953125 0.2453125
0 0.21875 0.803125 0.22890625 0.225
0 0.1296875 0.1265625 0.228125 0.25
0 0.55234375 0.33671875 0.2125 0.24296875
0 0.75390625 0.265625 0.2234375 0.28359375
0 0.3859375 0.23671875 0.215625 0.23828125
0 0.77421875 0.921875 0.20859375 0.15
0 0.1828125 0.58203125 0.1765625 0.315625
0 0.934375 0.88203125 0.13125 0.2203125
0 0.6640625 0.0296875 0.203125 0.05859375
0 0.37734375 0.08671875 0.2703125 0.1734375
0 0.05625 0.58671875 0.1125 0.2921875
0 0.89375 0.5765625 0.1890625 0.25703125
0 0.084375 0.91171875 0.16875 0.17578125
1 0.48125 0.62265625 0.346875 0.29296875