0 0.09296875 0.32734375 0.18203125 0.2296875
0 0.3 0.3265625 0.221875 0.1984375
0 0.38359375 0.028125 0.2140625 0.05625
0 0.18125 0.0453125 0.20703125 0.08984375
0 0.71796875 0.1390625 0.24296875 0.240625
0 0.590625 0.871875 0.209375 0.25234375
0 0.31015625 0.14453125 0.23046875 0.19296875
0 0.7125 0.43515625 0.24375 0.20859375
0 0.03828125 0.515625 0.0765625 0.2
0 0.49140625 0.13203125 0.1953125 0.24609375
0 0.8296875 0.26640625 0.21953125 0.23984375
0 0.76171875 0.896875 0.24140625 0.20625
0 0.125 0.91875 0.2234375 0.1546875
0 0.87109375 0.62578125 0.24921875 0.24296875
0 0.85234375 0.03671875 0.24765625 0.07265625
0 0.04765625 0.721875 0.0953125 0.21328125
0 0.06953125 0.1 0.1390625 0.19921875
0 0.56796875 0.29765625 0.21171875 0.23984375
1 0.27109375 0.671875 0.209375 0.3984375