0 0.68359375 0.82109375 0.22421875 0.2125
0 0.909375 0.8703125 0.17265625 0.2265625
0 0.2703125 0.06171875 0.21875 0.1234375
0 0.17734375 0.5421875 0.2015625 0.23671875
0 0.03671875 0.79453125 0.07265625 0.2453125
0 0.18359375 0.78984375 0.21796875 0.37109375
0 0.03671875 0.4234375 0.0734375 0.225
0 0.8578125 0.13125 0.2546875 0.21953125
0 0.90078125 0.6546875 0.19296875 0.24453125
0 0.48046875 0.64375 0.18671875 0.3390625
0 0.534375 0.1453125 0.33046875 0.2578125
0 0.171875 0.24375 0.26953125 0.30078125
0 0.74140625 0.64140625 0.14375 0.259375
1 0.4625 0.446875 0.33671875 0.37890625
0 0.434375 0.915625 0.221875 0.16875