0 0.6046875 0.10546875 0.22578125 0.20390625
0 0.45625 0.78359375 0.21328125 0.23515625
0 0.36875 0.10625 0.2109375 0.20625
0 0.1078125 0.4390625 0.2140625 0.2
0 0.3421875 0.50078125 0.20625 0.2421875
0 0.39609375 0.9390625 0.1765625 0.121875
0 0.03359375 0.215625 0.0671875 0.2625
0 0.76328125 0.596875 0.23203125 0.265625
0 0.56953125 0.5796875 0.2203125 0.24375
0 0.7 0.83671875 0.23984375 0.2546875
0 0.3703125 0.3203125 0.1984375 0.23046875
0 0.7890625 0.31484375 0.21953125 0.25390625
0 0.91796875 0.49296875 0.15625 0.21015625
0 0.921875 0.8625 0.1453125 0.2703125
0 0.18125 0.23359375 0.21015625 0.2640625
0 0.58046875 0.3375 0.21328125 0.26640625
0 0.8671875 0.1015625 0.265625 0.203125
0 0.1953125 0.834375 0.2375 0.33125
0 0.94765625 0.31171875 0.1046875 0.2046875
0 0.59375 0.9703125 0.21875 0.05859375
0 0.12578125 0.5890625 0.21328125 0.20625