0 0.47421875 0.74609375 0.20703125 0.321875
0 0.55078125 0.065625 0.2609375 0.13125
0 0.06796875 0.11875 0.1359375 0.23125
0 0.19140625 0.23828125 0.22421875 0.22890625
0 0.04921875 0.41875 0.0984375 0.2515625
0 0.2046875 0.45703125 0.2 0.23515625
0 0.39296875 0.23125 0.24453125 0.315625
0 0.646875 0.21328125 0.234375 0.21015625
0 0.82421875 0.16015625 0.23984375 0.31015625
0 0.315625 0.53125 0.1953125 0.23203125
0 0.03515625 0.9546875 0.0703125 0.08984375
0 0.484375 0.50078125 0.20390625 0.21875
0 0.7734375 0.578125 0.3640625 0.340625
0 0.21953125 0.71796875 0.2171875 0.2015625
0 0.17109375 0.79921875 0.221875 0.190625
0 0.3765625 0.915625 0.21875 0.1640625
0 0.7265625 0.93984375 0.27578125 0.11953125
0 0.909375 0.909375 0.18125 0.18125