0 0.66796875 0.14375 0.21328125 0.25625
0 0.8921875 0.071875 0.209375 0.14375
0 0.55390625 0.70078125 0.19765625 0.2765625
0 0.8109375 0.4828125 0.2203125 0.24453125
0 0.91328125 0.675 0.16328125 0.3046875
0 0.08671875 0.26171875 0.1734375 0.26484375
0 0.7796875 0.81875 0.2015625 0.36171875
0 0.109375 0.7796875 0.21796875 0.2625
0 0.86875 0.303125 0.26015625 0.2359375
0 0.63203125 0.49375 0.17734375 0.31640625
0 0.728125 0.7078125 0.20703125 0.25390625
0 0.06875 0.9203125 0.13671875 0.153125
1 0.315625 0.51484375 0.38046875 0.4328125
0 0.4015625 0.9359375 0.275 0.128125
0 0.35859375 0.79296875 0.26796875 0.1796875
0 0.365625 0.12109375 0.2609375 0.20390625
0 0.25625 0.07734375 0.24375 0.14609375
0 0.59140625 0.040625 0.3078125 0.08125