0 0.91875 0.58125 0.1546875 0.23203125
0 0.93046875 0.34921875 0.1390625 0.2109375
0 0.1390625 0.115625 0.23828125 0.23046875
0 0.3203125 0.7578125 0.24296875 0.23203125
0 0.74453125 0.703125 0.20625 0.2359375
0 0.26796875 0.2984375 0.20546875 0.25859375
0 0.37109375 0.06953125 0.2484375 0.1390625
0 0.95859375 0.09140625 0.0828125 0.1828125
0 0.52890625 0.215625 0.2265625 0.2546875
0 0.78515625 0.19921875 0.2625 0.23203125
0 0.21640625 0.6234375 0.2359375 0.27265625
0 0.8203125 0.91171875 0.23359375 0.1765625
0 0.71796875 0.4125 0.24921875 0.2578125
0 0.08828125 0.365625 0.17578125 0.3265625
0 0.18046875 0.91875 0.228125 0.1625
0 0.775 0.0390625 0.24609375 0.078125
0 0.97421875 0.90390625 0.0515625 0.1859375
1 0.528125 0.55390625 0.27421875 0.3046875
0 0.44765625 0.35 0.215625 0.21875
0 0.32734375 0.93671875 0.23203125 0.1125
0 0.0859375 0.771875 0.171875 0.203125
0 0.0515625 0.6078125 0.10234375 0.2234375