0 0.87265625 0.7734375 0.209375 0.2296875
0 0.15234375 0.58515625 0.19453125 0.2421875
0 0.2421875 0.14296875 0.2421875 0.27109375
0 0.89765625 0.93515625 0.19765625 0.1296875
0 0.88671875 0.2890625 0.215625 0.27109375
0 0.0828125 0.40703125 0.16484375 0.27734375
0 0.3453125 0.81640625 0.22265625 0.22265625
0 0.81796875 0.5328125 0.2140625 0.26875
0 0.66953125 0.35390625 0.20625 0.23515625
0 0.19296875 0.92265625 0.2296875 0.14921875
0 0.06328125 0.74140625 0.1265625 0.19453125
0 0.50703125 0.259375 0.221875 0.23046875
0 0.9453125 0.06171875 0.109375 0.1234375
0 0.7953125 0.03828125 0.1984375 0.07578125
0 0.4921875 0.09609375 0.265625 0.1921875
0 0.29609375 0.584375 0.1796875 0.29765625
0 0.0796875 0.08984375 0.159375 0.1796875
1 0.5734375 0.6296875 0.43359375 0.34609375