0 0.26328125 0.89609375 0.2046875 0.20078125
0 0.715625 0.33828125 0.196875 0.25078125
0 0.86328125 0.6640625 0.19375 0.2328125
0 0.4703125 0.09375 0.24609375 0.18125
0 0.71484375 0.1046875 0.24140625 0.20390625
0 0.89765625 0.2578125 0.19921875 0.23984375
0 0.2234375 0.096875 0.240625 0.19375
0 0.25078125 0.4765625 0.20625 0.25078125
0 0.82890625 0.88046875 0.2453125 0.2390625
0 0.10390625 0.30078125 0.2078125 0.2734375
0 0.94140625 0.06875 0.1171875 0.1375
1 0.53046875 0.58359375 0.246875 0.2984375