0 0.70078125 0.26875 0.19765625 0.23203125
0 0.50390625 0.9109375 0.2046875 0.1703125
0 0.73828125 0.0953125 0.23203125 0.18359375
0 0.8921875 0.0859375 0.20859375 0.171875
0 0.6328125 0.52109375 0.18515625 0.33203125
0 0.1796875 0.07265625 0.24765625 0.1453125
0 0.52421875 0.12890625 0.19765625 0.2296875
0 0.0671875 0.43359375 0.13203125 0.2765625
0 0.965625 0.26953125 0.06875 0.1984375
0 0.865625 0.515625 0.240625 0.4140625
0 0.11015625 0.92578125 0.178125 0.14765625
0 0.7765625 0.84609375 0.375 0.303125
1 0.32890625 0.3703125 0.41953125 0.390625
1 0.21875 0.70234375 0.31796875 0.31484375