0 0.18515625 0.76953125 0.184375 0.23359375
0 0.6890625 0.04765625 0.1984375 0.0953125
0 0.1578125 0.94140625 0.22265625 0.1171875
0 0.2734375 0.14921875 0.215625 0.2640625
0 0.11015625 0.25859375 0.203125 0.2171875
0 0.47421875 0.11171875 0.2578125 0.2234375
0 0.5796875 0.375 0.2453125 0.3453125
0 0.85390625 0.35625 0.19921875 0.19453125
0 0.20703125 0.5421875 0.2765625 0.2828125
0 0.04921875 0.7453125 0.09765625 0.21171875
0 0.096875 0.07109375 0.1859375 0.1421875
0 0.83359375 0.87265625 0.3265625 0.246875
0 0.75625 0.6359375 0.21875 0.33828125
0 0.91328125 0.07421875 0.16171875 0.1484375
1 0.47734375 0.7 0.31796875 0.2375