0 0.94453125 0.91484375 0.1109375 0.1609375
0 0.7796875 0.92265625 0.21328125 0.15
0 0.61171875 0.0390625 0.23515625 0.078125
0 0.32734375 0.26171875 0.21171875 0.22421875
0 0.396875 0.109375 0.23046875 0.21875
0 0.340625 0.8171875 0.2484375 0.2203125
0 0.09609375 0.06015625 0.184375 0.1203125
0 0.2125 0.41484375 0.21328125 0.24296875
0 0.5796875 0.85859375 0.22421875 0.246875
0 0.1046875 0.859375 0.2078125 0.28125
0 0.85234375 0.16328125 0.1625 0.31171875
0 0.971875 0.5875 0.05625 0.2390625
0 0.69140625 0.24140625 0.2125 0.259375
0 0.45546875 0.9734375 0.225 0.053125
0 0.85 0.72421875 0.2234375 0.3234375
1 0.45 0.5515625 0.28125 0.375
0 0.06328125 0.23125 0.12578125 0.2109375
0 0.065625 0.38515625 0.13125 0.20546875
0 0.0546875 0.5859375 0.109375 0.2109375
0 0.03125 0.71640625 0.06171875 0.1671875
0 0.54296875 0.37265625 0.2546875 0.2265625
0 0.69609375 0.4359375 0.30078125 0.2625