0 0.2375 0.13984375 0.2296875 0.2171875
0 0.8015625 0.53984375 0.21171875 0.221875
0 0.88203125 0.0953125 0.228125 0.184375
0 0.8609375 0.7890625 0.26328125 0.2671875
0 0.903125 0.34453125 0.1890625 0.33046875
0 0.10078125 0.046875 0.19765625 0.09375
0 0.28515625 0.93125 0.2265625 0.134375
0 0.33203125 0.053125 0.228125 0.10546875
0 0.31015625 0.47265625 0.23203125 0.19453125
0 0.04921875 0.19375 0.0984375 0.23359375
0 0.50546875 0.153125 0.29765625 0.25390625
0 0.215625 0.36875 0.22421875 0.27109375
0 0.2328125 0.72734375 0.19375 0.37578125
0 0.03203125 0.46015625 0.0640625 0.28671875
1 0.54375 0.6734375 0.30546875 0.275
0 0.61953125 0.36953125 0.26171875 0.17421875
0 0.70546875 0.30390625 0.1859375 0.16328125
0 0.0859375 0.91171875 0.15390625 0.1765625