0 0.91015625 0.1078125 0.1640625 0.21484375
0 0.52109375 0.103125 0.2140625 0.20625
0 0.0921875 0.48515625 0.16640625 0.25
0 0.1875 0.64140625 0.2140625 0.21640625
0 0.12421875 0.1828125 0.24765625 0.365625
0 0.07265625 0.88984375 0.1453125 0.21796875
0 0.928125 0.421875 0.13359375 0.23984375
0 0.7390625 0.20859375 0.215625 0.19375
0 0.5046875 0.9203125 0.2234375 0.15703125
0 0.8984375 0.609375 0.19765625 0.2515625
0 0.32265625 0.803125 0.2234375 0.28203125
1 0.46484375 0.37734375 0.321875 0.29921875
0 0.30625 0.14921875 0.14921875 0.16171875