0 0.55625 0.1359375 0.2046875 0.2265625
0 0.48984375 0.74453125 0.20703125 0.1890625
0 0.9390625 0.09765625 0.12109375 0.190625
0 0.940625 0.91328125 0.11875 0.1671875
0 0.2265625 0.77734375 0.21015625 0.23828125
0 0.72265625 0.19921875 0.26640625 0.3671875
0 0.0609375 0.73828125 0.121875 0.3140625
0 0.24921875 0.20625 0.22734375 0.3984375
0 0.9390625 0.58359375 0.11328125 0.27734375
0 0.6578125 0.8796875 0.22265625 0.19140625
0 0.85 0.79921875 0.17109375 0.2046875
0 0.0421875 0.065625 0.084375 0.13125
1 0.47421875 0.48203125 0.2203125 0.31328125
0 0.190625 0.50390625 0.20390625 0.1859375
0 0.72734375 0.71875 0.20390625 0.16015625
0 0.08828125 0.46875 0.16328125 0.2203125
0 0.0828125 0.35703125 0.1484375 0.20234375