0 0.93984375 0.91328125 0.1203125 0.16796875
0 0.28203125 0.1984375 0.2171875 0.25234375
0 0.09375 0.225 0.1875 0.33203125
0 0.896875 0.11640625 0.2 0.23046875
0 0.42109375 0.371875 0.1859375 0.23125
0 0.490625 0.11328125 0.23671875 0.2265625
0 0.4 0.90078125 0.23671875 0.1953125
0 0.0921875 0.80390625 0.18359375 0.29453125
1 0.62890625 0.4828125 0.26015625 0.31171875
0 0.6390625 0.24296875 0.24375 0.25859375
0 0.26171875 0.528125 0.25 0.265625
0 0.97421875 0.71796875 0.0515625 0.2078125
0 0.8796875 0.39140625 0.240625 0.28125
0 0.46796875 0.72734375 0.3328125 0.2609375
0 0.71875 0.76953125 0.1828125 0.246875
0 0.859375 0.80859375 0.184375 0.2546875