0 0.49140625 0.184375 0.20390625 0.22734375
0 0.42890625 0.78125 0.20859375 0.18828125
0 0.9015625 0.11875 0.1875 0.2375
0 0.16328125 0.828125 0.21640625 0.23125
0 0.034375 0.7640625 0.06875 0.2390625
0 0.909375 0.621875 0.17734375 0.3015625
0 0.5890625 0.91171875 0.2203125 0.16875
0 0.5546875 0.0390625 0.2265625 0.078125
0 0.7921875 0.83828125 0.17109375 0.225
0 0.19296875 0.24453125 0.2265625 0.39140625
0 0.6578125 0.23515625 0.25625 0.35703125
0 0.90859375 0.93828125 0.1734375 0.1234375
0 0.1078125 0.53515625 0.215625 0.25234375
1 0.40234375 0.534375 0.23125 0.3734375
0 0.70546875 0.17109375 0.2171875 0.22890625