0 0.6640625 0.34609375 0.20078125 0.23515625
0 0.57890625 0.065625 0.2296875 0.13125
0 0.38515625 0.36328125 0.2109375 0.23984375
0 0.09296875 0.1140625 0.1828125 0.228125
0 0.88828125 0.5734375 0.21875 0.21953125
0 0.2953125 0.8921875 0.26953125 0.21484375
0 0.8421875 0.78359375 0.20859375 0.278125
0 0.88671875 0.053125 0.2203125 0.10625
0 0.28125 0.16484375 0.22734375 0.3046875
0 0.7421875 0.95078125 0.15625 0.0984375
0 0.08671875 0.72578125 0.1734375 0.27578125
0 0.2984375 0.76875 0.2421875 0.41015625
0 0.80234375 0.2140625 0.29375 0.38828125
0 0.8546875 0.35625 0.2328125 0.309375
0 0.5484375 0.503125 0.3046875 0.16640625
1 0.5890625 0.77421875 0.34921875 0.30703125