0 0.07109375 0.6125 0.14140625 0.2421875
0 0.1 0.11328125 0.196875 0.22265625
0 0.4265625 0.159375 0.2515625 0.2265625
0 0.2734375 0.2390625 0.2125 0.21796875
0 0.22109375 0.075 0.2296875 0.15
0 0.2921875 0.4046875 0.196875 0.20390625
0 0.4875 0.35703125 0.26953125 0.28515625
0 0.71875 0.08515625 0.23203125 0.1703125
0 0.884375 0.30625 0.23046875 0.19140625
0 0.678125 0.334375 0.22109375 0.19921875
0 0.21015625 0.8609375 0.2296875 0.225
0 0.9546875 0.425 0.090625 0.1328125
1 0.615625 0.678125 0.3265625 0.47578125
0 0.09296875 0.36953125 0.18125 0.24453125
0 0.653125 0.959375 0.4 0.08125
0 0.91484375 0.86796875 0.16953125 0.23046875
0 0.07109375 0.92734375 0.1296875 0.1453125