0 0.11171875 0.88125 0.21640625 0.21875
0 0.0984375 0.378125 0.19375 0.2140625
0 0.33671875 0.86953125 0.21484375 0.240625
0 0.11484375 0.61171875 0.22890625 0.24921875
0 0.7265625 0.3078125 0.23046875 0.23515625
0 0.13984375 0.18203125 0.2265625 0.24375
0 0.8921875 0.46484375 0.209375 0.25625
0 0.71796875 0.06796875 0.25625 0.13515625
0 0.5359375 0.05703125 0.221875 0.1140625
0 0.290625 0.453125 0.2109375 0.22890625
0 0.92421875 0.8953125 0.14140625 0.20078125
0 0.67578125 0.89453125 0.3515625 0.2109375
0 0.8828125 0.15234375 0.234375 0.28125
1 0.49765625 0.59765625 0.5390625 0.37421875