0 0.34375 0.109375 0.203125 0.21796875
0 0.1375 0.42265625 0.2171875 0.22421875
0 0.13359375 0.071875 0.23515625 0.14375
0 0.06015625 0.6671875 0.1203125 0.2984375
0 0.7984375 0.5359375 0.2640625 0.2375
0 0.1359375 0.89609375 0.2640625 0.2078125
0 0.68671875 0.1015625 0.215625 0.196875
0 0.8765625 0.871875 0.22890625 0.2390625
0 0.046875 0.30078125 0.09375 0.2578125
0 0.96640625 0.52265625 0.0671875 0.3296875
0 0.6828125 0.8171875 0.22421875 0.32734375
0 0.89140625 0.2625 0.2171875 0.25390625
0 0.36875 0.33046875 0.25703125 0.22890625
0 0.62578125 0.30625 0.25234375 0.4046875
0 0.4359375 0.9296875 0.30859375 0.12890625
1 0.3875 0.68203125 0.31953125 0.31484375