1 0.45859375 0.61875 0.2875 0.3578125
0 0.70703125 0.3875 0.2015625 0.20625
0 0.8546875 0.7734375 0.2546875 0.24296875
0 0.38828125 0.29453125 0.19375 0.209375
0 0.14296875 0.33984375 0.22109375 0.2125
0 0.24296875 0.13515625 0.20390625 0.19921875
0 0.63984375 0.171875 0.21171875 0.2
0 0.84765625 0.1015625 0.2109375 0.203125
0 0.95234375 0.26796875 0.0953125 0.16953125
0 0.96796875 0.44296875 0.0640625 0.1453125
0 0.9703125 0.63671875 0.059375 0.17890625
0 0.8875 0.95703125 0.190625 0.0859375
0 0.0984375 0.86484375 0.19609375 0.21953125
0 0.02734375 0.06640625 0.0546875 0.1328125