0 0.359375 0.08046875 0.23125 0.1609375
0 0.225 0.896875 0.2203125 0.203125
0 0.9078125 0.10859375 0.18203125 0.2171875
0 0.89453125 0.33515625 0.2046875 0.2390625
0 0.95859375 0.92421875 0.0828125 0.14453125
0 0.42578125 0.7875 0.23515625 0.234375
0 0.9125 0.1046875 0.175 0.209375
0 0.04453125 0.8828125 0.0890625 0.1875
0 0.796875 0.91015625 0.1921875 0.17421875
0 0.3703125 0.0796875 0.2296875 0.15859375
0 0.12265625 0.0609375 0.2453125 0.121875
1 0.58203125 0.40625 0.26640625 0.4
0 0.93046875 0.740625 0.1390625 0.2125
0 0.1109375 0.46953125 0.221875 0.38125
0 0.81953125 0.6921875 0.16640625 0.18671875
0 0.12890625 0.059375 0.24765625 0.11640625
0 0.9046875 0.54609375 0.18515625 0.2484375
0 0.9 0.3265625 0.2 0.23046875
0 0.803125 0.90625 0.1859375 0.18359375
0 0.12421875 0.065625 0.2484375 0.1296875
0 0.23203125 0.890625 0.215625 0.209375
0 0.35859375 0.24921875 0.23203125 0.16875
0 0.3328125 0.3796875 0.225 0.22734375
0 0.31953125 0.60234375 0.284375 0.19609375
0 0.125 0.41015625 0.2 0.1859375
0 0.62265625 0.73125 0.20078125 0.18203125
0 0.5328125 0.9390625 0.25390625 0.12109375
0 0.6171875 0.8671875 0.2140625 0.18671875