0 0.915625 0.346875 0.16015625 0.25234375
0 0.9390625 0.64453125 0.12109375 0.25
0 0.29296875 0.89140625 0.209375 0.21640625
0 0.8140625 0.84921875 0.20234375 0.2453125
0 0.44921875 0.7328125 0.2515625 0.26953125
0 0.46875 0.1390625 0.2171875 0.2734375
0 0.853125 0.109375 0.29296875 0.21875
0 0.1 0.8125 0.19921875 0.3359375
0 0.10078125 0.08984375 0.2015625 0.1796875
0 0.68984375 0.81015625 0.178125 0.17421875
0 0.209375 0.48671875 0.2171875 0.184375
0 0.12578125 0.4296875 0.16640625 0.246875
0 0.3109375 0.32734375 0.15078125 0.22109375
0 0.1953125 0.2890625 0.1953125 0.2203125
0 0.0625 0.2828125 0.125 0.22265625
0 0.06171875 0.57890625 0.1234375 0.21328125
0 0.52734375 0.9375 0.23046875 0.12421875
1 0.5515625 0.44453125 0.30390625 0.284375