0 0.7640625 0.553125 0.22109375 0.22578125
0 0.4703125 0.328125 0.21015625 0.2140625
0 0.23828125 0.03671875 0.23984375 0.0734375
0 0.03359375 0.5875 0.0671875 0.209375
0 0.8984375 0.1109375 0.1875 0.221875
0 0.9265625 0.45078125 0.14609375 0.24921875
0 0.58515625 0.11015625 0.23828125 0.2203125
0 0.05703125 0.84765625 0.1140625 0.3046875
0 0.246875 0.74765625 0.22734375 0.2296875
0 0.071875 0.37265625 0.14375 0.2546875
0 0.8765625 0.7953125 0.24609375 0.24609375
0 0.22734375 0.18046875 0.334375 0.246875
0 0.26875 0.58828125 0.25625 0.39765625
0 0.71328125 0.321875 0.28359375 0.25078125
0 0.27890625 0.225 0.22109375 0.26796875
1 0.534375 0.7484375 0.22421875 0.3734375