0 0.128125 0.35546875 0.20078125 0.22578125
0 0.86171875 0.21796875 0.21328125 0.24609375
0 0.60390625 0.1203125 0.2375 0.240625
0 0.8078125 0.57109375 0.22578125 0.2578125
0 0.73984375 0.8765625 0.20546875 0.24296875
0 0.43046875 0.0375 0.2109375 0.075
0 0.30078125 0.4625 0.22578125 0.28125
0 0.0984375 0.13984375 0.196875 0.2578125
0 0.315625 0.209375 0.25234375 0.24296875
0 0.1 0.646875 0.2 0.36484375
0 0.69765625 0.378125 0.196875 0.22109375
0 0.6140625 0.36484375 0.37890625 0.225
1 0.54375 0.62265625 0.37265625 0.3375
0 0.45625 0.9375 0.3265625 0.12421875