0 0.73515625 0.13203125 0.1765625 0.25078125
0 0.88515625 0.26328125 0.19765625 0.23203125
0 0.390625 0.8828125 0.2171875 0.23046875
0 0.31015625 0.14296875 0.22890625 0.2484375
0 0.159375 0.56640625 0.19375 0.215625
0 0.6171875 0.715625 0.2171875 0.2453125
0 0.34453125 0.6765625 0.23515625 0.24921875
0 0.07734375 0.76796875 0.14765625 0.20703125
0 0.9640625 0.896875 0.071875 0.196875
0 0.7671875 0.60234375 0.1703125 0.434375
0 0.21015625 0.3484375 0.2125 0.290625
0 0.4546875 0.0546875 0.253125 0.109375
0 0.6171875 0.88671875 0.2265625 0.2265625
0 0.90546875 0.7640625 0.18046875 0.22890625
1 0.49609375 0.36015625 0.31640625 0.28671875