0 0.47578125 0.91328125 0.19921875 0.1640625
0 0.18046875 0.2 0.23828125 0.2609375
0 0.6625 0.440625 0.23515625 0.2578125
0 0.82421875 0.3015625 0.2125 0.228125
0 0.859375 0.69453125 0.25078125 0.2859375
0 0.51796875 0.0984375 0.22890625 0.196875
0 0.67421875 0.74921875 0.203125 0.21171875
0 0.70234375 0.13125 0.23125 0.24609375
0 0.5390625 0.625 0.23125 0.22578125
0 0.3328125 0.0359375 0.23046875 0.071875
0 0.06875 0.06875 0.13671875 0.13671875
0 0.4578125 0.2265625 0.23125 0.253125
0 0.87265625 0.12578125 0.2546875 0.2421875
0 0.9015625 0.48203125 0.190625 0.23125
1 0.2875 0.6578125 0.27109375 0.31171875
0 0.0703125 0.35546875 0.140625 0.3203125