0 0.37734375 0.75546875 0.2109375 0.22734375
0 0.63515625 0.52578125 0.1875 0.2421875
0 0.84375 0.48671875 0.2171875 0.23828125
0 0.578125 0.75234375 0.1859375 0.2015625
0 0.83828125 0.10625 0.21875 0.2046875
0 0.34453125 0.490625 0.18671875 0.20703125
0 0.7796875 0.70078125 0.20546875 0.22421875
0 0.93515625 0.8390625 0.1296875 0.203125
0 0.10390625 0.07421875 0.19921875 0.1484375
0 0.2296875 0.2390625 0.18046875 0.3234375
0 0.1546875 0.865625 0.2265625 0.25625
0 0.7421875 0.90390625 0.21875 0.1921875
0 0.13671875 0.640625 0.20859375 0.27578125
0 0.4140625 0.92109375 0.2390625 0.15625
0 0.959375 0.34609375 0.08125 0.24453125
0 0.971875 0.584375 0.05625 0.2390625
0 0.09375 0.359375 0.1875 0.2578125
1 0.52265625 0.1859375 0.3625 0.37109375