0 0.79453125 0.5671875 0.1953125 0.2609375
0 0.3875 0.11640625 0.225 0.23125
0 0.7046875 0.11953125 0.2296875 0.22421875
0 0.9125 0.33203125 0.1671875 0.24140625
0 0.87109375 0.85625 0.2578125 0.271875
0 0.31796875 0.3546875 0.215625 0.28046875
0 0.28828125 0.90390625 0.259375 0.1890625
0 0.17734375 0.20078125 0.190625 0.246875
0 0.94140625 0.60546875 0.1171875 0.2703125
0 0.11875 0.54453125 0.2375 0.27734375
0 0.7125 0.32109375 0.29296875 0.22421875
0 0.0734375 0.0359375 0.146875 0.071875
0 0.2625 0.02734375 0.1953125 0.0546875
0 0.0859375 0.715625 0.171875 0.178125
1 0.41171875 0.66484375 0.2984375 0.296875